/*--------------------------------*- C++ -*----------------------------------*\
| =========                 |                                                 |
| \\      /  F ield         | OpenFOAM: The Open Source CFD Toolbox           |
|  \\    /   O peration     | Version:  2.3.0                                 |
|   \\  /    A nd           | Web:      www.OpenFOAM.org                      |
|    \\/     M anipulation  |                                                 |
\*---------------------------------------------------------------------------*/
FoamFile
{
    version     2.0;
    format      ascii;
    class       faceList;
    location    "constant/polyMesh";
    object      faces;
}
// * * * * * * * * * * * * * * * * * * * * * * * * * * * * * * * * * * * * * //


3260
(
4(1 22 883 862)
4(21 882 883 22)
4(2 23 884 863)
4(22 883 884 23)
4(3 24 885 864)
4(23 884 885 24)
4(4 25 886 865)
4(24 885 886 25)
4(5 26 887 866)
4(25 886 887 26)
4(6 27 888 867)
4(26 887 888 27)
4(7 28 889 868)
4(27 888 889 28)
4(8 29 890 869)
4(28 889 890 29)
4(9 30 891 870)
4(29 890 891 30)
4(10 31 892 871)
4(30 891 892 31)
4(11 32 893 872)
4(31 892 893 32)
4(12 33 894 873)
4(32 893 894 33)
4(13 34 895 874)
4(33 894 895 34)
4(14 35 896 875)
4(34 895 896 35)
4(15 36 897 876)
4(35 896 897 36)
4(16 37 898 877)
4(36 897 898 37)
4(17 38 899 878)
4(37 898 899 38)
4(18 39 900 879)
4(38 899 900 39)
4(19 40 901 880)
4(39 900 901 40)
4(40 901 902 41)
4(22 43 904 883)
4(42 903 904 43)
4(23 44 905 884)
4(43 904 905 44)
4(24 45 906 885)
4(44 905 906 45)
4(25 46 907 886)
4(45 906 907 46)
4(26 47 908 887)
4(46 907 908 47)
4(27 48 909 888)
4(47 908 909 48)
4(28 49 910 889)
4(48 909 910 49)
4(29 50 911 890)
4(49 910 911 50)
4(30 51 912 891)
4(50 911 912 51)
4(31 52 913 892)
4(51 912 913 52)
4(32 53 914 893)
4(52 913 914 53)
4(33 54 915 894)
4(53 914 915 54)
4(34 55 916 895)
4(54 915 916 55)
4(35 56 917 896)
4(55 916 917 56)
4(36 57 918 897)
4(56 917 918 57)
4(37 58 919 898)
4(57 918 919 58)
4(38 59 920 899)
4(58 919 920 59)
4(39 60 921 900)
4(59 920 921 60)
4(40 61 922 901)
4(60 921 922 61)
4(61 922 923 62)
4(43 64 925 904)
4(63 924 925 64)
4(44 65 926 905)
4(64 925 926 65)
4(45 66 927 906)
4(65 926 927 66)
4(46 67 928 907)
4(66 927 928 67)
4(47 68 929 908)
4(67 928 929 68)
4(48 69 930 909)
4(68 929 930 69)
4(49 70 931 910)
4(69 930 931 70)
4(50 71 932 911)
4(70 931 932 71)
4(51 72 933 912)
4(71 932 933 72)
4(52 73 934 913)
4(72 933 934 73)
4(53 74 935 914)
4(73 934 935 74)
4(54 75 936 915)
4(74 935 936 75)
4(55 76 937 916)
4(75 936 937 76)
4(56 77 938 917)
4(76 937 938 77)
4(57 78 939 918)
4(77 938 939 78)
4(58 79 940 919)
4(78 939 940 79)
4(59 80 941 920)
4(79 940 941 80)
4(60 81 942 921)
4(80 941 942 81)
4(61 82 943 922)
4(81 942 943 82)
4(82 943 944 83)
4(64 85 946 925)
4(84 945 946 85)
4(65 86 947 926)
4(85 946 947 86)
4(66 87 948 927)
4(86 947 948 87)
4(67 88 949 928)
4(87 948 949 88)
4(68 89 950 929)
4(88 949 950 89)
4(69 90 951 930)
4(89 950 951 90)
4(70 91 952 931)
4(90 951 952 91)
4(71 92 953 932)
4(91 952 953 92)
4(72 93 954 933)
4(92 953 954 93)
4(73 94 955 934)
4(93 954 955 94)
4(74 95 956 935)
4(94 955 956 95)
4(75 96 957 936)
4(95 956 957 96)
4(76 97 958 937)
4(96 957 958 97)
4(77 98 959 938)
4(97 958 959 98)
4(78 99 960 939)
4(98 959 960 99)
4(79 100 961 940)
4(99 960 961 100)
4(80 101 962 941)
4(100 961 962 101)
4(81 102 963 942)
4(101 962 963 102)
4(82 103 964 943)
4(102 963 964 103)
4(103 964 965 104)
4(85 106 967 946)
4(105 966 967 106)
4(86 107 968 947)
4(106 967 968 107)
4(87 108 969 948)
4(107 968 969 108)
4(88 109 970 949)
4(108 969 970 109)
4(89 110 971 950)
4(109 970 971 110)
4(90 111 972 951)
4(110 971 972 111)
4(91 112 973 952)
4(111 972 973 112)
4(92 113 974 953)
4(112 973 974 113)
4(93 114 975 954)
4(113 974 975 114)
4(94 115 976 955)
4(114 975 976 115)
4(95 116 977 956)
4(115 976 977 116)
4(96 117 978 957)
4(116 977 978 117)
4(97 118 979 958)
4(117 978 979 118)
4(98 119 980 959)
4(118 979 980 119)
4(99 120 981 960)
4(119 980 981 120)
4(100 121 982 961)
4(120 981 982 121)
4(101 122 983 962)
4(121 982 983 122)
4(102 123 984 963)
4(122 983 984 123)
4(103 124 985 964)
4(123 984 985 124)
4(124 985 986 125)
4(106 127 988 967)
4(126 987 988 127)
4(107 128 989 968)
4(127 988 989 128)
4(108 129 990 969)
4(128 989 990 129)
4(109 130 991 970)
4(129 990 991 130)
4(110 131 992 971)
4(130 991 992 131)
4(111 132 993 972)
4(131 992 993 132)
4(112 133 994 973)
4(132 993 994 133)
4(113 134 995 974)
4(133 994 995 134)
4(114 135 996 975)
4(134 995 996 135)
4(115 136 997 976)
4(135 996 997 136)
4(116 137 998 977)
4(136 997 998 137)
4(117 138 999 978)
4(137 998 999 138)
4(118 139 1000 979)
4(138 999 1000 139)
4(119 140 1001 980)
4(139 1000 1001 140)
4(120 141 1002 981)
4(140 1001 1002 141)
4(121 142 1003 982)
4(141 1002 1003 142)
4(122 143 1004 983)
4(142 1003 1004 143)
4(123 144 1005 984)
4(143 1004 1005 144)
4(124 145 1006 985)
4(144 1005 1006 145)
4(145 1006 1007 146)
4(127 148 1009 988)
4(147 1008 1009 148)
4(128 149 1010 989)
4(148 1009 1010 149)
4(129 150 1011 990)
4(149 1010 1011 150)
4(130 151 1012 991)
4(150 1011 1012 151)
4(131 152 1013 992)
4(151 1012 1013 152)
4(132 153 1014 993)
4(152 1013 1014 153)
4(133 154 1015 994)
4(153 1014 1015 154)
4(134 155 1016 995)
4(154 1015 1016 155)
4(135 156 1017 996)
4(155 1016 1017 156)
4(136 157 1018 997)
4(156 1017 1018 157)
4(137 158 1019 998)
4(157 1018 1019 158)
4(138 159 1020 999)
4(158 1019 1020 159)
4(139 160 1021 1000)
4(159 1020 1021 160)
4(140 161 1022 1001)
4(160 1021 1022 161)
4(141 162 1023 1002)
4(161 1022 1023 162)
4(142 163 1024 1003)
4(162 1023 1024 163)
4(143 164 1025 1004)
4(163 1024 1025 164)
4(144 165 1026 1005)
4(164 1025 1026 165)
4(145 166 1027 1006)
4(165 1026 1027 166)
4(166 1027 1028 167)
4(148 169 1030 1009)
4(168 1029 1030 169)
4(149 170 1031 1010)
4(169 1030 1031 170)
4(150 171 1032 1011)
4(170 1031 1032 171)
4(151 172 1033 1012)
4(171 1032 1033 172)
4(152 173 1034 1013)
4(172 1033 1034 173)
4(153 174 1035 1014)
4(173 1034 1035 174)
4(154 175 1036 1015)
4(174 1035 1036 175)
4(155 176 1037 1016)
4(175 1036 1037 176)
4(156 177 1038 1017)
4(176 1037 1038 177)
4(157 178 1039 1018)
4(177 1038 1039 178)
4(158 179 1040 1019)
4(178 1039 1040 179)
4(159 180 1041 1020)
4(179 1040 1041 180)
4(160 181 1042 1021)
4(180 1041 1042 181)
4(161 182 1043 1022)
4(181 1042 1043 182)
4(162 183 1044 1023)
4(182 1043 1044 183)
4(163 184 1045 1024)
4(183 1044 1045 184)
4(164 185 1046 1025)
4(184 1045 1046 185)
4(165 186 1047 1026)
4(185 1046 1047 186)
4(166 187 1048 1027)
4(186 1047 1048 187)
4(187 1048 1049 188)
4(169 190 1051 1030)
4(189 1050 1051 190)
4(170 191 1052 1031)
4(190 1051 1052 191)
4(171 192 1053 1032)
4(191 1052 1053 192)
4(172 193 1054 1033)
4(192 1053 1054 193)
4(173 194 1055 1034)
4(193 1054 1055 194)
4(174 195 1056 1035)
4(194 1055 1056 195)
4(175 196 1057 1036)
4(195 1056 1057 196)
4(176 197 1058 1037)
4(196 1057 1058 197)
4(177 198 1059 1038)
4(197 1058 1059 198)
4(178 199 1060 1039)
4(198 1059 1060 199)
4(179 200 1061 1040)
4(199 1060 1061 200)
4(180 201 1062 1041)
4(200 1061 1062 201)
4(181 202 1063 1042)
4(201 1062 1063 202)
4(182 203 1064 1043)
4(202 1063 1064 203)
4(183 204 1065 1044)
4(203 1064 1065 204)
4(184 205 1066 1045)
4(204 1065 1066 205)
4(185 206 1067 1046)
4(205 1066 1067 206)
4(186 207 1068 1047)
4(206 1067 1068 207)
4(187 208 1069 1048)
4(207 1068 1069 208)
4(208 1069 1070 209)
4(190 211 1072 1051)
4(210 1071 1072 211)
4(191 212 1073 1052)
4(211 1072 1073 212)
4(192 213 1074 1053)
4(212 1073 1074 213)
4(193 214 1075 1054)
4(213 1074 1075 214)
4(194 215 1076 1055)
4(214 1075 1076 215)
4(195 216 1077 1056)
4(215 1076 1077 216)
4(196 217 1078 1057)
4(216 1077 1078 217)
4(197 218 1079 1058)
4(217 1078 1079 218)
4(198 219 1080 1059)
4(218 1079 1080 219)
4(199 220 1081 1060)
4(219 1080 1081 220)
4(200 221 1082 1061)
4(220 1081 1082 221)
4(201 222 1083 1062)
4(221 1082 1083 222)
4(202 223 1084 1063)
4(222 1083 1084 223)
4(203 224 1085 1064)
4(223 1084 1085 224)
4(204 225 1086 1065)
4(224 1085 1086 225)
4(205 226 1087 1066)
4(225 1086 1087 226)
4(206 227 1088 1067)
4(226 1087 1088 227)
4(207 228 1089 1068)
4(227 1088 1089 228)
4(208 229 1090 1069)
4(228 1089 1090 229)
4(229 1090 1091 230)
4(211 232 1093 1072)
4(231 1092 1093 232)
4(212 233 1094 1073)
4(232 1093 1094 233)
4(213 234 1095 1074)
4(233 1094 1095 234)
4(214 235 1096 1075)
4(234 1095 1096 235)
4(215 236 1097 1076)
4(235 1096 1097 236)
4(216 237 1098 1077)
4(236 1097 1098 237)
4(217 238 1099 1078)
4(237 1098 1099 238)
4(218 239 1100 1079)
4(238 1099 1100 239)
4(219 240 1101 1080)
4(239 1100 1101 240)
4(220 241 1102 1081)
4(240 1101 1102 241)
4(221 242 1103 1082)
4(241 1102 1103 242)
4(222 243 1104 1083)
4(242 1103 1104 243)
4(223 244 1105 1084)
4(243 1104 1105 244)
4(224 245 1106 1085)
4(244 1105 1106 245)
4(225 246 1107 1086)
4(245 1106 1107 246)
4(226 247 1108 1087)
4(246 1107 1108 247)
4(227 248 1109 1088)
4(247 1108 1109 248)
4(228 249 1110 1089)
4(248 1109 1110 249)
4(229 250 1111 1090)
4(249 1110 1111 250)
4(250 1111 1112 251)
4(232 253 1114 1093)
4(252 1113 1114 253)
4(233 254 1115 1094)
4(253 1114 1115 254)
4(234 255 1116 1095)
4(254 1115 1116 255)
4(235 256 1117 1096)
4(255 1116 1117 256)
4(236 257 1118 1097)
4(256 1117 1118 257)
4(237 258 1119 1098)
4(257 1118 1119 258)
4(238 259 1120 1099)
4(258 1119 1120 259)
4(239 260 1121 1100)
4(259 1120 1121 260)
4(240 261 1122 1101)
4(260 1121 1122 261)
4(241 262 1123 1102)
4(261 1122 1123 262)
4(242 263 1124 1103)
4(262 1123 1124 263)
4(243 264 1125 1104)
4(263 1124 1125 264)
4(244 265 1126 1105)
4(264 1125 1126 265)
4(245 266 1127 1106)
4(265 1126 1127 266)
4(246 267 1128 1107)
4(266 1127 1128 267)
4(247 268 1129 1108)
4(267 1128 1129 268)
4(248 269 1130 1109)
4(268 1129 1130 269)
4(249 270 1131 1110)
4(269 1130 1131 270)
4(250 271 1132 1111)
4(270 1131 1132 271)
4(271 1132 1133 272)
4(253 274 1135 1114)
4(273 1134 1135 274)
4(254 275 1136 1115)
4(274 1135 1136 275)
4(255 276 1137 1116)
4(275 1136 1137 276)
4(256 277 1138 1117)
4(276 1137 1138 277)
4(257 278 1139 1118)
4(277 1138 1139 278)
4(258 279 1140 1119)
4(278 1139 1140 279)
4(259 280 1141 1120)
4(279 1140 1141 280)
4(260 281 1142 1121)
4(280 1141 1142 281)
4(261 282 1143 1122)
4(281 1142 1143 282)
4(262 283 1144 1123)
4(282 1143 1144 283)
4(263 284 1145 1124)
4(283 1144 1145 284)
4(264 285 1146 1125)
4(284 1145 1146 285)
4(265 286 1147 1126)
4(285 1146 1147 286)
4(266 287 1148 1127)
4(286 1147 1148 287)
4(267 288 1149 1128)
4(287 1148 1149 288)
4(268 289 1150 1129)
4(288 1149 1150 289)
4(269 290 1151 1130)
4(289 1150 1151 290)
4(270 291 1152 1131)
4(290 1151 1152 291)
4(271 292 1153 1132)
4(291 1152 1153 292)
4(292 1153 1154 293)
4(274 295 1156 1135)
4(294 1155 1156 295)
4(275 296 1157 1136)
4(295 1156 1157 296)
4(276 297 1158 1137)
4(296 1157 1158 297)
4(277 298 1159 1138)
4(297 1158 1159 298)
4(278 299 1160 1139)
4(298 1159 1160 299)
4(279 300 1161 1140)
4(299 1160 1161 300)
4(280 301 1162 1141)
4(300 1161 1162 301)
4(281 302 1163 1142)
4(301 1162 1163 302)
4(282 303 1164 1143)
4(302 1163 1164 303)
4(283 304 1165 1144)
4(303 1164 1165 304)
4(284 305 1166 1145)
4(304 1165 1166 305)
4(285 306 1167 1146)
4(305 1166 1167 306)
4(286 307 1168 1147)
4(306 1167 1168 307)
4(287 308 1169 1148)
4(307 1168 1169 308)
4(288 309 1170 1149)
4(308 1169 1170 309)
4(289 310 1171 1150)
4(309 1170 1171 310)
4(290 311 1172 1151)
4(310 1171 1172 311)
4(291 312 1173 1152)
4(311 1172 1173 312)
4(292 313 1174 1153)
4(312 1173 1174 313)
4(313 1174 1175 314)
4(295 316 1177 1156)
4(315 1176 1177 316)
4(296 317 1178 1157)
4(316 1177 1178 317)
4(297 318 1179 1158)
4(317 1178 1179 318)
4(298 319 1180 1159)
4(318 1179 1180 319)
4(299 320 1181 1160)
4(319 1180 1181 320)
4(300 321 1182 1161)
4(320 1181 1182 321)
4(301 322 1183 1162)
4(321 1182 1183 322)
4(302 323 1184 1163)
4(322 1183 1184 323)
4(303 324 1185 1164)
4(323 1184 1185 324)
4(304 325 1186 1165)
4(324 1185 1186 325)
4(305 326 1187 1166)
4(325 1186 1187 326)
4(306 327 1188 1167)
4(326 1187 1188 327)
4(307 328 1189 1168)
4(327 1188 1189 328)
4(308 329 1190 1169)
4(328 1189 1190 329)
4(309 330 1191 1170)
4(329 1190 1191 330)
4(310 331 1192 1171)
4(330 1191 1192 331)
4(311 332 1193 1172)
4(331 1192 1193 332)
4(312 333 1194 1173)
4(332 1193 1194 333)
4(313 334 1195 1174)
4(333 1194 1195 334)
4(334 1195 1196 335)
4(316 337 1198 1177)
4(336 1197 1198 337)
4(317 338 1199 1178)
4(337 1198 1199 338)
4(318 339 1200 1179)
4(338 1199 1200 339)
4(319 340 1201 1180)
4(339 1200 1201 340)
4(320 341 1202 1181)
4(340 1201 1202 341)
4(321 342 1203 1182)
4(341 1202 1203 342)
4(322 343 1204 1183)
4(342 1203 1204 343)
4(323 344 1205 1184)
4(343 1204 1205 344)
4(324 345 1206 1185)
4(344 1205 1206 345)
4(325 346 1207 1186)
4(345 1206 1207 346)
4(326 347 1208 1187)
4(346 1207 1208 347)
4(327 348 1209 1188)
4(347 1208 1209 348)
4(328 349 1210 1189)
4(348 1209 1210 349)
4(329 350 1211 1190)
4(349 1210 1211 350)
4(330 351 1212 1191)
4(350 1211 1212 351)
4(331 352 1213 1192)
4(351 1212 1213 352)
4(332 353 1214 1193)
4(352 1213 1214 353)
4(333 354 1215 1194)
4(353 1214 1215 354)
4(334 355 1216 1195)
4(354 1215 1216 355)
4(355 1216 1217 356)
4(337 358 1219 1198)
4(357 1218 1219 358)
4(338 359 1220 1199)
4(358 1219 1220 359)
4(339 360 1221 1200)
4(359 1220 1221 360)
4(340 361 1222 1201)
4(360 1221 1222 361)
4(341 362 1223 1202)
4(361 1222 1223 362)
4(342 363 1224 1203)
4(362 1223 1224 363)
4(343 364 1225 1204)
4(363 1224 1225 364)
4(344 365 1226 1205)
4(364 1225 1226 365)
4(345 366 1227 1206)
4(365 1226 1227 366)
4(346 367 1228 1207)
4(366 1227 1228 367)
4(347 368 1229 1208)
4(367 1228 1229 368)
4(348 369 1230 1209)
4(368 1229 1230 369)
4(349 370 1231 1210)
4(369 1230 1231 370)
4(350 371 1232 1211)
4(370 1231 1232 371)
4(351 372 1233 1212)
4(371 1232 1233 372)
4(352 373 1234 1213)
4(372 1233 1234 373)
4(353 374 1235 1214)
4(373 1234 1235 374)
4(354 375 1236 1215)
4(374 1235 1236 375)
4(355 376 1237 1216)
4(375 1236 1237 376)
4(376 1237 1238 377)
4(358 379 1240 1219)
4(378 1239 1240 379)
4(359 380 1241 1220)
4(379 1240 1241 380)
4(360 381 1242 1221)
4(380 1241 1242 381)
4(361 382 1243 1222)
4(381 1242 1243 382)
4(362 383 1244 1223)
4(382 1243 1244 383)
4(363 384 1245 1224)
4(383 1244 1245 384)
4(364 385 1246 1225)
4(384 1245 1246 385)
4(365 386 1247 1226)
4(385 1246 1247 386)
4(366 387 1248 1227)
4(386 1247 1248 387)
4(367 388 1249 1228)
4(387 1248 1249 388)
4(368 389 1250 1229)
4(388 1249 1250 389)
4(369 390 1251 1230)
4(389 1250 1251 390)
4(370 391 1252 1231)
4(390 1251 1252 391)
4(371 392 1253 1232)
4(391 1252 1253 392)
4(372 393 1254 1233)
4(392 1253 1254 393)
4(373 394 1255 1234)
4(393 1254 1255 394)
4(374 395 1256 1235)
4(394 1255 1256 395)
4(375 396 1257 1236)
4(395 1256 1257 396)
4(376 397 1258 1237)
4(396 1257 1258 397)
4(397 1258 1259 398)
4(379 400 1261 1240)
4(399 1260 1261 400)
4(380 401 1262 1241)
4(400 1261 1262 401)
4(381 402 1263 1242)
4(401 1262 1263 402)
4(382 403 1264 1243)
4(402 1263 1264 403)
4(383 404 1265 1244)
4(403 1264 1265 404)
4(384 405 1266 1245)
4(404 1265 1266 405)
4(385 406 1267 1246)
4(405 1266 1267 406)
4(386 407 1268 1247)
4(406 1267 1268 407)
4(387 408 1269 1248)
4(407 1268 1269 408)
4(388 409 1270 1249)
4(408 1269 1270 409)
4(389 410 1271 1250)
4(409 1270 1271 410)
4(390 411 1272 1251)
4(410 1271 1272 411)
4(391 412 1273 1252)
4(411 1272 1273 412)
4(392 413 1274 1253)
4(412 1273 1274 413)
4(393 414 1275 1254)
4(413 1274 1275 414)
4(394 415 1276 1255)
4(414 1275 1276 415)
4(395 416 1277 1256)
4(415 1276 1277 416)
4(396 417 1278 1257)
4(416 1277 1278 417)
4(397 418 1279 1258)
4(417 1278 1279 418)
4(418 1279 1280 419)
4(400 421 1282 1261)
4(420 1281 1282 421)
4(401 422 1283 1262)
4(421 1282 1283 422)
4(402 423 1284 1263)
4(422 1283 1284 423)
4(403 424 1285 1264)
4(423 1284 1285 424)
4(404 425 1286 1265)
4(424 1285 1286 425)
4(405 426 1287 1266)
4(425 1286 1287 426)
4(406 427 1288 1267)
4(426 1287 1288 427)
4(407 428 1289 1268)
4(427 1288 1289 428)
4(408 429 1290 1269)
4(428 1289 1290 429)
4(409 430 1291 1270)
4(429 1290 1291 430)
4(410 431 1292 1271)
4(430 1291 1292 431)
4(411 432 1293 1272)
4(431 1292 1293 432)
4(412 433 1294 1273)
4(432 1293 1294 433)
4(413 434 1295 1274)
4(433 1294 1295 434)
4(414 435 1296 1275)
4(434 1295 1296 435)
4(415 436 1297 1276)
4(435 1296 1297 436)
4(416 437 1298 1277)
4(436 1297 1298 437)
4(417 438 1299 1278)
4(437 1298 1299 438)
4(418 439 1300 1279)
4(438 1299 1300 439)
4(439 1300 1301 440)
4(421 442 1303 1282)
4(441 1302 1303 442)
4(422 443 1304 1283)
4(442 1303 1304 443)
4(423 444 1305 1284)
4(443 1304 1305 444)
4(424 445 1306 1285)
4(444 1305 1306 445)
4(425 446 1307 1286)
4(445 1306 1307 446)
4(426 447 1308 1287)
4(446 1307 1308 447)
4(427 448 1309 1288)
4(447 1308 1309 448)
4(428 449 1310 1289)
4(448 1309 1310 449)
4(429 450 1311 1290)
4(449 1310 1311 450)
4(430 451 1312 1291)
4(450 1311 1312 451)
4(431 452 1313 1292)
4(451 1312 1313 452)
4(432 453 1314 1293)
4(452 1313 1314 453)
4(433 454 1315 1294)
4(453 1314 1315 454)
4(434 455 1316 1295)
4(454 1315 1316 455)
4(435 456 1317 1296)
4(455 1316 1317 456)
4(436 457 1318 1297)
4(456 1317 1318 457)
4(437 458 1319 1298)
4(457 1318 1319 458)
4(438 459 1320 1299)
4(458 1319 1320 459)
4(439 460 1321 1300)
4(459 1320 1321 460)
4(460 1321 1322 461)
4(442 463 1324 1303)
4(462 1323 1324 463)
4(443 464 1325 1304)
4(463 1324 1325 464)
4(444 465 1326 1305)
4(464 1325 1326 465)
4(445 466 1327 1306)
4(465 1326 1327 466)
4(446 467 1328 1307)
4(466 1327 1328 467)
4(447 468 1329 1308)
4(467 1328 1329 468)
4(448 469 1330 1309)
4(468 1329 1330 469)
4(449 470 1331 1310)
4(469 1330 1331 470)
4(450 471 1332 1311)
4(470 1331 1332 471)
4(451 472 1333 1312)
4(471 1332 1333 472)
4(452 473 1334 1313)
4(472 1333 1334 473)
4(453 474 1335 1314)
4(473 1334 1335 474)
4(454 475 1336 1315)
4(474 1335 1336 475)
4(455 476 1337 1316)
4(475 1336 1337 476)
4(456 477 1338 1317)
4(476 1337 1338 477)
4(457 478 1339 1318)
4(477 1338 1339 478)
4(458 479 1340 1319)
4(478 1339 1340 479)
4(459 480 1341 1320)
4(479 1340 1341 480)
4(460 481 1342 1321)
4(480 1341 1342 481)
4(481 1342 1343 482)
4(463 484 1345 1324)
4(483 1344 1345 484)
4(464 485 1346 1325)
4(484 1345 1346 485)
4(465 486 1347 1326)
4(485 1346 1347 486)
4(466 487 1348 1327)
4(486 1347 1348 487)
4(467 488 1349 1328)
4(487 1348 1349 488)
4(468 489 1350 1329)
4(488 1349 1350 489)
4(469 490 1351 1330)
4(489 1350 1351 490)
4(470 491 1352 1331)
4(490 1351 1352 491)
4(471 492 1353 1332)
4(491 1352 1353 492)
4(472 493 1354 1333)
4(492 1353 1354 493)
4(473 494 1355 1334)
4(493 1354 1355 494)
4(474 495 1356 1335)
4(494 1355 1356 495)
4(475 496 1357 1336)
4(495 1356 1357 496)
4(476 497 1358 1337)
4(496 1357 1358 497)
4(477 498 1359 1338)
4(497 1358 1359 498)
4(478 499 1360 1339)
4(498 1359 1360 499)
4(479 500 1361 1340)
4(499 1360 1361 500)
4(480 501 1362 1341)
4(500 1361 1362 501)
4(481 502 1363 1342)
4(501 1362 1363 502)
4(502 1363 1364 503)
4(484 505 1366 1345)
4(504 1365 1366 505)
4(485 506 1367 1346)
4(505 1366 1367 506)
4(486 507 1368 1347)
4(506 1367 1368 507)
4(487 508 1369 1348)
4(507 1368 1369 508)
4(488 509 1370 1349)
4(508 1369 1370 509)
4(489 510 1371 1350)
4(509 1370 1371 510)
4(490 511 1372 1351)
4(510 1371 1372 511)
4(491 512 1373 1352)
4(511 1372 1373 512)
4(492 513 1374 1353)
4(512 1373 1374 513)
4(493 514 1375 1354)
4(513 1374 1375 514)
4(494 515 1376 1355)
4(514 1375 1376 515)
4(495 516 1377 1356)
4(515 1376 1377 516)
4(496 517 1378 1357)
4(516 1377 1378 517)
4(497 518 1379 1358)
4(517 1378 1379 518)
4(498 519 1380 1359)
4(518 1379 1380 519)
4(499 520 1381 1360)
4(519 1380 1381 520)
4(500 521 1382 1361)
4(520 1381 1382 521)
4(501 522 1383 1362)
4(521 1382 1383 522)
4(502 523 1384 1363)
4(522 1383 1384 523)
4(523 1384 1385 524)
4(505 526 1387 1366)
4(525 1386 1387 526)
4(506 527 1388 1367)
4(526 1387 1388 527)
4(507 528 1389 1368)
4(527 1388 1389 528)
4(508 529 1390 1369)
4(528 1389 1390 529)
4(509 530 1391 1370)
4(529 1390 1391 530)
4(510 531 1392 1371)
4(530 1391 1392 531)
4(511 532 1393 1372)
4(531 1392 1393 532)
4(512 533 1394 1373)
4(532 1393 1394 533)
4(513 534 1395 1374)
4(533 1394 1395 534)
4(514 535 1396 1375)
4(534 1395 1396 535)
4(515 536 1397 1376)
4(535 1396 1397 536)
4(516 537 1398 1377)
4(536 1397 1398 537)
4(517 538 1399 1378)
4(537 1398 1399 538)
4(518 539 1400 1379)
4(538 1399 1400 539)
4(519 540 1401 1380)
4(539 1400 1401 540)
4(520 541 1402 1381)
4(540 1401 1402 541)
4(521 542 1403 1382)
4(541 1402 1403 542)
4(522 543 1404 1383)
4(542 1403 1404 543)
4(523 544 1405 1384)
4(543 1404 1405 544)
4(544 1405 1406 545)
4(526 547 1408 1387)
4(546 1407 1408 547)
4(527 548 1409 1388)
4(547 1408 1409 548)
4(528 549 1410 1389)
4(548 1409 1410 549)
4(529 550 1411 1390)
4(549 1410 1411 550)
4(530 551 1412 1391)
4(550 1411 1412 551)
4(531 552 1413 1392)
4(551 1412 1413 552)
4(532 553 1414 1393)
4(552 1413 1414 553)
4(533 554 1415 1394)
4(553 1414 1415 554)
4(534 555 1416 1395)
4(554 1415 1416 555)
4(535 556 1417 1396)
4(555 1416 1417 556)
4(536 557 1418 1397)
4(556 1417 1418 557)
4(537 558 1419 1398)
4(557 1418 1419 558)
4(538 559 1420 1399)
4(558 1419 1420 559)
4(539 560 1421 1400)
4(559 1420 1421 560)
4(540 561 1422 1401)
4(560 1421 1422 561)
4(541 562 1423 1402)
4(561 1422 1423 562)
4(542 563 1424 1403)
4(562 1423 1424 563)
4(543 564 1425 1404)
4(563 1424 1425 564)
4(544 565 1426 1405)
4(564 1425 1426 565)
4(565 1426 1427 566)
4(547 568 1429 1408)
4(567 1428 1429 568)
4(548 569 1430 1409)
4(568 1429 1430 569)
4(549 570 1431 1410)
4(569 1430 1431 570)
4(550 571 1432 1411)
4(570 1431 1432 571)
4(551 572 1433 1412)
4(571 1432 1433 572)
4(552 573 1434 1413)
4(572 1433 1434 573)
4(553 574 1435 1414)
4(573 1434 1435 574)
4(554 575 1436 1415)
4(574 1435 1436 575)
4(555 576 1437 1416)
4(575 1436 1437 576)
4(556 577 1438 1417)
4(576 1437 1438 577)
4(557 578 1439 1418)
4(577 1438 1439 578)
4(558 579 1440 1419)
4(578 1439 1440 579)
4(559 580 1441 1420)
4(579 1440 1441 580)
4(560 581 1442 1421)
4(580 1441 1442 581)
4(561 582 1443 1422)
4(581 1442 1443 582)
4(562 583 1444 1423)
4(582 1443 1444 583)
4(563 584 1445 1424)
4(583 1444 1445 584)
4(564 585 1446 1425)
4(584 1445 1446 585)
4(565 586 1447 1426)
4(585 1446 1447 586)
4(586 1447 1448 587)
4(568 589 1450 1429)
4(588 1449 1450 589)
4(569 590 1451 1430)
4(589 1450 1451 590)
4(570 591 1452 1431)
4(590 1451 1452 591)
4(571 592 1453 1432)
4(591 1452 1453 592)
4(572 593 1454 1433)
4(592 1453 1454 593)
4(573 594 1455 1434)
4(593 1454 1455 594)
4(574 595 1456 1435)
4(594 1455 1456 595)
4(575 596 1457 1436)
4(595 1456 1457 596)
4(576 597 1458 1437)
4(596 1457 1458 597)
4(577 598 1459 1438)
4(597 1458 1459 598)
4(578 599 1460 1439)
4(598 1459 1460 599)
4(579 600 1461 1440)
4(599 1460 1461 600)
4(580 601 1462 1441)
4(600 1461 1462 601)
4(581 602 1463 1442)
4(601 1462 1463 602)
4(582 603 1464 1443)
4(602 1463 1464 603)
4(583 604 1465 1444)
4(603 1464 1465 604)
4(584 605 1466 1445)
4(604 1465 1466 605)
4(585 606 1467 1446)
4(605 1466 1467 606)
4(586 607 1468 1447)
4(606 1467 1468 607)
4(607 1468 1469 608)
4(589 610 1471 1450)
4(609 1470 1471 610)
4(590 611 1472 1451)
4(610 1471 1472 611)
4(591 612 1473 1452)
4(611 1472 1473 612)
4(592 613 1474 1453)
4(612 1473 1474 613)
4(593 614 1475 1454)
4(613 1474 1475 614)
4(594 615 1476 1455)
4(614 1475 1476 615)
4(595 616 1477 1456)
4(615 1476 1477 616)
4(596 617 1478 1457)
4(616 1477 1478 617)
4(597 618 1479 1458)
4(617 1478 1479 618)
4(598 619 1480 1459)
4(618 1479 1480 619)
4(599 620 1481 1460)
4(619 1480 1481 620)
4(600 621 1482 1461)
4(620 1481 1482 621)
4(601 622 1483 1462)
4(621 1482 1483 622)
4(602 623 1484 1463)
4(622 1483 1484 623)
4(603 624 1485 1464)
4(623 1484 1485 624)
4(604 625 1486 1465)
4(624 1485 1486 625)
4(605 626 1487 1466)
4(625 1486 1487 626)
4(606 627 1488 1467)
4(626 1487 1488 627)
4(607 628 1489 1468)
4(627 1488 1489 628)
4(628 1489 1490 629)
4(610 631 1492 1471)
4(630 1491 1492 631)
4(611 632 1493 1472)
4(631 1492 1493 632)
4(612 633 1494 1473)
4(632 1493 1494 633)
4(613 634 1495 1474)
4(633 1494 1495 634)
4(614 635 1496 1475)
4(634 1495 1496 635)
4(615 636 1497 1476)
4(635 1496 1497 636)
4(616 637 1498 1477)
4(636 1497 1498 637)
4(617 638 1499 1478)
4(637 1498 1499 638)
4(618 639 1500 1479)
4(638 1499 1500 639)
4(619 640 1501 1480)
4(639 1500 1501 640)
4(620 641 1502 1481)
4(640 1501 1502 641)
4(621 642 1503 1482)
4(641 1502 1503 642)
4(622 643 1504 1483)
4(642 1503 1504 643)
4(623 644 1505 1484)
4(643 1504 1505 644)
4(624 645 1506 1485)
4(644 1505 1506 645)
4(625 646 1507 1486)
4(645 1506 1507 646)
4(626 647 1508 1487)
4(646 1507 1508 647)
4(627 648 1509 1488)
4(647 1508 1509 648)
4(628 649 1510 1489)
4(648 1509 1510 649)
4(649 1510 1511 650)
4(631 652 1513 1492)
4(651 1512 1513 652)
4(632 653 1514 1493)
4(652 1513 1514 653)
4(633 654 1515 1494)
4(653 1514 1515 654)
4(634 655 1516 1495)
4(654 1515 1516 655)
4(635 656 1517 1496)
4(655 1516 1517 656)
4(636 657 1518 1497)
4(656 1517 1518 657)
4(637 658 1519 1498)
4(657 1518 1519 658)
4(638 659 1520 1499)
4(658 1519 1520 659)
4(639 660 1521 1500)
4(659 1520 1521 660)
4(640 661 1522 1501)
4(660 1521 1522 661)
4(641 662 1523 1502)
4(661 1522 1523 662)
4(642 663 1524 1503)
4(662 1523 1524 663)
4(643 664 1525 1504)
4(663 1524 1525 664)
4(644 665 1526 1505)
4(664 1525 1526 665)
4(645 666 1527 1506)
4(665 1526 1527 666)
4(646 667 1528 1507)
4(666 1527 1528 667)
4(647 668 1529 1508)
4(667 1528 1529 668)
4(648 669 1530 1509)
4(668 1529 1530 669)
4(649 670 1531 1510)
4(669 1530 1531 670)
4(670 1531 1532 671)
4(652 673 1534 1513)
4(672 1533 1534 673)
4(653 674 1535 1514)
4(673 1534 1535 674)
4(654 675 1536 1515)
4(674 1535 1536 675)
4(655 676 1537 1516)
4(675 1536 1537 676)
4(656 677 1538 1517)
4(676 1537 1538 677)
4(657 678 1539 1518)
4(677 1538 1539 678)
4(658 679 1540 1519)
4(678 1539 1540 679)
4(659 680 1541 1520)
4(679 1540 1541 680)
4(660 681 1542 1521)
4(680 1541 1542 681)
4(661 682 1543 1522)
4(681 1542 1543 682)
4(662 683 1544 1523)
4(682 1543 1544 683)
4(663 684 1545 1524)
4(683 1544 1545 684)
4(664 685 1546 1525)
4(684 1545 1546 685)
4(665 686 1547 1526)
4(685 1546 1547 686)
4(666 687 1548 1527)
4(686 1547 1548 687)
4(667 688 1549 1528)
4(687 1548 1549 688)
4(668 689 1550 1529)
4(688 1549 1550 689)
4(669 690 1551 1530)
4(689 1550 1551 690)
4(670 691 1552 1531)
4(690 1551 1552 691)
4(691 1552 1553 692)
4(673 694 1555 1534)
4(693 1554 1555 694)
4(674 695 1556 1535)
4(694 1555 1556 695)
4(675 696 1557 1536)
4(695 1556 1557 696)
4(676 697 1558 1537)
4(696 1557 1558 697)
4(677 698 1559 1538)
4(697 1558 1559 698)
4(678 699 1560 1539)
4(698 1559 1560 699)
4(679 700 1561 1540)
4(699 1560 1561 700)
4(680 701 1562 1541)
4(700 1561 1562 701)
4(681 702 1563 1542)
4(701 1562 1563 702)
4(682 703 1564 1543)
4(702 1563 1564 703)
4(683 704 1565 1544)
4(703 1564 1565 704)
4(684 705 1566 1545)
4(704 1565 1566 705)
4(685 706 1567 1546)
4(705 1566 1567 706)
4(686 707 1568 1547)
4(706 1567 1568 707)
4(687 708 1569 1548)
4(707 1568 1569 708)
4(688 709 1570 1549)
4(708 1569 1570 709)
4(689 710 1571 1550)
4(709 1570 1571 710)
4(690 711 1572 1551)
4(710 1571 1572 711)
4(691 712 1573 1552)
4(711 1572 1573 712)
4(712 1573 1574 713)
4(694 715 1576 1555)
4(714 1575 1576 715)
4(695 716 1577 1556)
4(715 1576 1577 716)
4(696 717 1578 1557)
4(716 1577 1578 717)
4(697 718 1579 1558)
4(717 1578 1579 718)
4(698 719 1580 1559)
4(718 1579 1580 719)
4(699 720 1581 1560)
4(719 1580 1581 720)
4(700 721 1582 1561)
4(720 1581 1582 721)
4(701 722 1583 1562)
4(721 1582 1583 722)
4(702 723 1584 1563)
4(722 1583 1584 723)
4(703 724 1585 1564)
4(723 1584 1585 724)
4(704 725 1586 1565)
4(724 1585 1586 725)
4(705 726 1587 1566)
4(725 1586 1587 726)
4(706 727 1588 1567)
4(726 1587 1588 727)
4(707 728 1589 1568)
4(727 1588 1589 728)
4(708 729 1590 1569)
4(728 1589 1590 729)
4(709 730 1591 1570)
4(729 1590 1591 730)
4(710 731 1592 1571)
4(730 1591 1592 731)
4(711 732 1593 1572)
4(731 1592 1593 732)
4(712 733 1594 1573)
4(732 1593 1594 733)
4(733 1594 1595 734)
4(715 736 1597 1576)
4(735 1596 1597 736)
4(716 737 1598 1577)
4(736 1597 1598 737)
4(717 738 1599 1578)
4(737 1598 1599 738)
4(718 739 1600 1579)
4(738 1599 1600 739)
4(719 740 1601 1580)
4(739 1600 1601 740)
4(720 741 1602 1581)
4(740 1601 1602 741)
4(721 742 1603 1582)
4(741 1602 1603 742)
4(722 743 1604 1583)
4(742 1603 1604 743)
4(723 744 1605 1584)
4(743 1604 1605 744)
4(724 745 1606 1585)
4(744 1605 1606 745)
4(725 746 1607 1586)
4(745 1606 1607 746)
4(726 747 1608 1587)
4(746 1607 1608 747)
4(727 748 1609 1588)
4(747 1608 1609 748)
4(728 749 1610 1589)
4(748 1609 1610 749)
4(729 750 1611 1590)
4(749 1610 1611 750)
4(730 751 1612 1591)
4(750 1611 1612 751)
4(731 752 1613 1592)
4(751 1612 1613 752)
4(732 753 1614 1593)
4(752 1613 1614 753)
4(733 754 1615 1594)
4(753 1614 1615 754)
4(754 1615 1616 755)
4(736 757 1618 1597)
4(756 1617 1618 757)
4(737 758 1619 1598)
4(757 1618 1619 758)
4(738 759 1620 1599)
4(758 1619 1620 759)
4(739 760 1621 1600)
4(759 1620 1621 760)
4(740 761 1622 1601)
4(760 1621 1622 761)
4(741 762 1623 1602)
4(761 1622 1623 762)
4(742 763 1624 1603)
4(762 1623 1624 763)
4(743 764 1625 1604)
4(763 1624 1625 764)
4(744 765 1626 1605)
4(764 1625 1626 765)
4(745 766 1627 1606)
4(765 1626 1627 766)
4(746 767 1628 1607)
4(766 1627 1628 767)
4(747 768 1629 1608)
4(767 1628 1629 768)
4(748 769 1630 1609)
4(768 1629 1630 769)
4(749 770 1631 1610)
4(769 1630 1631 770)
4(750 771 1632 1611)
4(770 1631 1632 771)
4(751 772 1633 1612)
4(771 1632 1633 772)
4(752 773 1634 1613)
4(772 1633 1634 773)
4(753 774 1635 1614)
4(773 1634 1635 774)
4(754 775 1636 1615)
4(774 1635 1636 775)
4(775 1636 1637 776)
4(757 778 1639 1618)
4(777 1638 1639 778)
4(758 779 1640 1619)
4(778 1639 1640 779)
4(759 780 1641 1620)
4(779 1640 1641 780)
4(760 781 1642 1621)
4(780 1641 1642 781)
4(761 782 1643 1622)
4(781 1642 1643 782)
4(762 783 1644 1623)
4(782 1643 1644 783)
4(763 784 1645 1624)
4(783 1644 1645 784)
4(764 785 1646 1625)
4(784 1645 1646 785)
4(765 786 1647 1626)
4(785 1646 1647 786)
4(766 787 1648 1627)
4(786 1647 1648 787)
4(767 788 1649 1628)
4(787 1648 1649 788)
4(768 789 1650 1629)
4(788 1649 1650 789)
4(769 790 1651 1630)
4(789 1650 1651 790)
4(770 791 1652 1631)
4(790 1651 1652 791)
4(771 792 1653 1632)
4(791 1652 1653 792)
4(772 793 1654 1633)
4(792 1653 1654 793)
4(773 794 1655 1634)
4(793 1654 1655 794)
4(774 795 1656 1635)
4(794 1655 1656 795)
4(775 796 1657 1636)
4(795 1656 1657 796)
4(796 1657 1658 797)
4(778 799 1660 1639)
4(798 1659 1660 799)
4(779 800 1661 1640)
4(799 1660 1661 800)
4(780 801 1662 1641)
4(800 1661 1662 801)
4(781 802 1663 1642)
4(801 1662 1663 802)
4(782 803 1664 1643)
4(802 1663 1664 803)
4(783 804 1665 1644)
4(803 1664 1665 804)
4(784 805 1666 1645)
4(804 1665 1666 805)
4(785 806 1667 1646)
4(805 1666 1667 806)
4(786 807 1668 1647)
4(806 1667 1668 807)
4(787 808 1669 1648)
4(807 1668 1669 808)
4(788 809 1670 1649)
4(808 1669 1670 809)
4(789 810 1671 1650)
4(809 1670 1671 810)
4(790 811 1672 1651)
4(810 1671 1672 811)
4(791 812 1673 1652)
4(811 1672 1673 812)
4(792 813 1674 1653)
4(812 1673 1674 813)
4(793 814 1675 1654)
4(813 1674 1675 814)
4(794 815 1676 1655)
4(814 1675 1676 815)
4(795 816 1677 1656)
4(815 1676 1677 816)
4(796 817 1678 1657)
4(816 1677 1678 817)
4(817 1678 1679 818)
4(799 820 1681 1660)
4(819 1680 1681 820)
4(800 821 1682 1661)
4(820 1681 1682 821)
4(801 822 1683 1662)
4(821 1682 1683 822)
4(802 823 1684 1663)
4(822 1683 1684 823)
4(803 824 1685 1664)
4(823 1684 1685 824)
4(804 825 1686 1665)
4(824 1685 1686 825)
4(805 826 1687 1666)
4(825 1686 1687 826)
4(806 827 1688 1667)
4(826 1687 1688 827)
4(807 828 1689 1668)
4(827 1688 1689 828)
4(808 829 1690 1669)
4(828 1689 1690 829)
4(809 830 1691 1670)
4(829 1690 1691 830)
4(810 831 1692 1671)
4(830 1691 1692 831)
4(811 832 1693 1672)
4(831 1692 1693 832)
4(812 833 1694 1673)
4(832 1693 1694 833)
4(813 834 1695 1674)
4(833 1694 1695 834)
4(814 835 1696 1675)
4(834 1695 1696 835)
4(815 836 1697 1676)
4(835 1696 1697 836)
4(816 837 1698 1677)
4(836 1697 1698 837)
4(817 838 1699 1678)
4(837 1698 1699 838)
4(838 1699 1700 839)
4(820 841 1702 1681)
4(821 842 1703 1682)
4(822 843 1704 1683)
4(823 844 1705 1684)
4(824 845 1706 1685)
4(825 846 1707 1686)
4(826 847 1708 1687)
4(827 848 1709 1688)
4(828 849 1710 1689)
4(829 850 1711 1690)
4(830 851 1712 1691)
4(831 852 1713 1692)
4(832 853 1714 1693)
4(833 854 1715 1694)
4(834 855 1716 1695)
4(835 856 1717 1696)
4(836 857 1718 1697)
4(837 858 1719 1698)
4(838 859 1720 1699)
4(0 861 882 21)
4(21 882 903 42)
4(42 903 924 63)
4(63 924 945 84)
4(84 945 966 105)
4(105 966 987 126)
4(126 987 1008 147)
4(147 1008 1029 168)
4(168 1029 1050 189)
4(189 1050 1071 210)
4(210 1071 1092 231)
4(231 1092 1113 252)
4(252 1113 1134 273)
4(273 1134 1155 294)
4(294 1155 1176 315)
4(315 1176 1197 336)
4(336 1197 1218 357)
4(357 1218 1239 378)
4(378 1239 1260 399)
4(399 1260 1281 420)
4(420 1281 1302 441)
4(441 1302 1323 462)
4(462 1323 1344 483)
4(483 1344 1365 504)
4(504 1365 1386 525)
4(525 1386 1407 546)
4(546 1407 1428 567)
4(567 1428 1449 588)
4(588 1449 1470 609)
4(609 1470 1491 630)
4(630 1491 1512 651)
4(651 1512 1533 672)
4(672 1533 1554 693)
4(693 1554 1575 714)
4(714 1575 1596 735)
4(735 1596 1617 756)
4(756 1617 1638 777)
4(777 1638 1659 798)
4(798 1659 1680 819)
4(819 1680 1701 840)
4(20 41 902 881)
4(41 62 923 902)
4(62 83 944 923)
4(83 104 965 944)
4(104 125 986 965)
4(125 146 1007 986)
4(146 167 1028 1007)
4(167 188 1049 1028)
4(188 209 1070 1049)
4(209 230 1091 1070)
4(230 251 1112 1091)
4(251 272 1133 1112)
4(272 293 1154 1133)
4(293 314 1175 1154)
4(314 335 1196 1175)
4(335 356 1217 1196)
4(356 377 1238 1217)
4(377 398 1259 1238)
4(398 419 1280 1259)
4(419 440 1301 1280)
4(440 461 1322 1301)
4(461 482 1343 1322)
4(482 503 1364 1343)
4(503 524 1385 1364)
4(524 545 1406 1385)
4(545 566 1427 1406)
4(566 587 1448 1427)
4(587 608 1469 1448)
4(608 629 1490 1469)
4(629 650 1511 1490)
4(650 671 1532 1511)
4(671 692 1553 1532)
4(692 713 1574 1553)
4(713 734 1595 1574)
4(734 755 1616 1595)
4(755 776 1637 1616)
4(776 797 1658 1637)
4(797 818 1679 1658)
4(818 839 1700 1679)
4(839 860 1721 1700)
4(0 1 862 861)
4(1 2 863 862)
4(2 3 864 863)
4(3 4 865 864)
4(4 5 866 865)
4(5 6 867 866)
4(6 7 868 867)
4(7 8 869 868)
4(8 9 870 869)
4(9 10 871 870)
4(10 11 872 871)
4(11 12 873 872)
4(12 13 874 873)
4(13 14 875 874)
4(14 15 876 875)
4(15 16 877 876)
4(16 17 878 877)
4(17 18 879 878)
4(18 19 880 879)
4(19 20 881 880)
4(861 862 883 882)
4(882 883 904 903)
4(903 904 925 924)
4(924 925 946 945)
4(945 946 967 966)
4(966 967 988 987)
4(987 988 1009 1008)
4(1008 1009 1030 1029)
4(1029 1030 1051 1050)
4(1050 1051 1072 1071)
4(1071 1072 1093 1092)
4(1092 1093 1114 1113)
4(1113 1114 1135 1134)
4(1134 1135 1156 1155)
4(1155 1156 1177 1176)
4(1176 1177 1198 1197)
4(1197 1198 1219 1218)
4(1218 1219 1240 1239)
4(1239 1240 1261 1260)
4(1260 1261 1282 1281)
4(1281 1282 1303 1302)
4(1302 1303 1324 1323)
4(1323 1324 1345 1344)
4(1344 1345 1366 1365)
4(1365 1366 1387 1386)
4(1386 1387 1408 1407)
4(1407 1408 1429 1428)
4(1428 1429 1450 1449)
4(1449 1450 1471 1470)
4(1470 1471 1492 1491)
4(1491 1492 1513 1512)
4(1512 1513 1534 1533)
4(1533 1534 1555 1554)
4(1554 1555 1576 1575)
4(1575 1576 1597 1596)
4(1596 1597 1618 1617)
4(1617 1618 1639 1638)
4(1638 1639 1660 1659)
4(1659 1660 1681 1680)
4(1680 1681 1702 1701)
4(862 863 884 883)
4(883 884 905 904)
4(904 905 926 925)
4(925 926 947 946)
4(946 947 968 967)
4(967 968 989 988)
4(988 989 1010 1009)
4(1009 1010 1031 1030)
4(1030 1031 1052 1051)
4(1051 1052 1073 1072)
4(1072 1073 1094 1093)
4(1093 1094 1115 1114)
4(1114 1115 1136 1135)
4(1135 1136 1157 1156)
4(1156 1157 1178 1177)
4(1177 1178 1199 1198)
4(1198 1199 1220 1219)
4(1219 1220 1241 1240)
4(1240 1241 1262 1261)
4(1261 1262 1283 1282)
4(1282 1283 1304 1303)
4(1303 1304 1325 1324)
4(1324 1325 1346 1345)
4(1345 1346 1367 1366)
4(1366 1367 1388 1387)
4(1387 1388 1409 1408)
4(1408 1409 1430 1429)
4(1429 1430 1451 1450)
4(1450 1451 1472 1471)
4(1471 1472 1493 1492)
4(1492 1493 1514 1513)
4(1513 1514 1535 1534)
4(1534 1535 1556 1555)
4(1555 1556 1577 1576)
4(1576 1577 1598 1597)
4(1597 1598 1619 1618)
4(1618 1619 1640 1639)
4(1639 1640 1661 1660)
4(1660 1661 1682 1681)
4(1681 1682 1703 1702)
4(863 864 885 884)
4(884 885 906 905)
4(905 906 927 926)
4(926 927 948 947)
4(947 948 969 968)
4(968 969 990 989)
4(989 990 1011 1010)
4(1010 1011 1032 1031)
4(1031 1032 1053 1052)
4(1052 1053 1074 1073)
4(1073 1074 1095 1094)
4(1094 1095 1116 1115)
4(1115 1116 1137 1136)
4(1136 1137 1158 1157)
4(1157 1158 1179 1178)
4(1178 1179 1200 1199)
4(1199 1200 1221 1220)
4(1220 1221 1242 1241)
4(1241 1242 1263 1262)
4(1262 1263 1284 1283)
4(1283 1284 1305 1304)
4(1304 1305 1326 1325)
4(1325 1326 1347 1346)
4(1346 1347 1368 1367)
4(1367 1368 1389 1388)
4(1388 1389 1410 1409)
4(1409 1410 1431 1430)
4(1430 1431 1452 1451)
4(1451 1452 1473 1472)
4(1472 1473 1494 1493)
4(1493 1494 1515 1514)
4(1514 1515 1536 1535)
4(1535 1536 1557 1556)
4(1556 1557 1578 1577)
4(1577 1578 1599 1598)
4(1598 1599 1620 1619)
4(1619 1620 1641 1640)
4(1640 1641 1662 1661)
4(1661 1662 1683 1682)
4(1682 1683 1704 1703)
4(864 865 886 885)
4(885 886 907 906)
4(906 907 928 927)
4(927 928 949 948)
4(948 949 970 969)
4(969 970 991 990)
4(990 991 1012 1011)
4(1011 1012 1033 1032)
4(1032 1033 1054 1053)
4(1053 1054 1075 1074)
4(1074 1075 1096 1095)
4(1095 1096 1117 1116)
4(1116 1117 1138 1137)
4(1137 1138 1159 1158)
4(1158 1159 1180 1179)
4(1179 1180 1201 1200)
4(1200 1201 1222 1221)
4(1221 1222 1243 1242)
4(1242 1243 1264 1263)
4(1263 1264 1285 1284)
4(1284 1285 1306 1305)
4(1305 1306 1327 1326)
4(1326 1327 1348 1347)
4(1347 1348 1369 1368)
4(1368 1369 1390 1389)
4(1389 1390 1411 1410)
4(1410 1411 1432 1431)
4(1431 1432 1453 1452)
4(1452 1453 1474 1473)
4(1473 1474 1495 1494)
4(1494 1495 1516 1515)
4(1515 1516 1537 1536)
4(1536 1537 1558 1557)
4(1557 1558 1579 1578)
4(1578 1579 1600 1599)
4(1599 1600 1621 1620)
4(1620 1621 1642 1641)
4(1641 1642 1663 1662)
4(1662 1663 1684 1683)
4(1683 1684 1705 1704)
4(865 866 887 886)
4(886 887 908 907)
4(907 908 929 928)
4(928 929 950 949)
4(949 950 971 970)
4(970 971 992 991)
4(991 992 1013 1012)
4(1012 1013 1034 1033)
4(1033 1034 1055 1054)
4(1054 1055 1076 1075)
4(1075 1076 1097 1096)
4(1096 1097 1118 1117)
4(1117 1118 1139 1138)
4(1138 1139 1160 1159)
4(1159 1160 1181 1180)
4(1180 1181 1202 1201)
4(1201 1202 1223 1222)
4(1222 1223 1244 1243)
4(1243 1244 1265 1264)
4(1264 1265 1286 1285)
4(1285 1286 1307 1306)
4(1306 1307 1328 1327)
4(1327 1328 1349 1348)
4(1348 1349 1370 1369)
4(1369 1370 1391 1390)
4(1390 1391 1412 1411)
4(1411 1412 1433 1432)
4(1432 1433 1454 1453)
4(1453 1454 1475 1474)
4(1474 1475 1496 1495)
4(1495 1496 1517 1516)
4(1516 1517 1538 1537)
4(1537 1538 1559 1558)
4(1558 1559 1580 1579)
4(1579 1580 1601 1600)
4(1600 1601 1622 1621)
4(1621 1622 1643 1642)
4(1642 1643 1664 1663)
4(1663 1664 1685 1684)
4(1684 1685 1706 1705)
4(866 867 888 887)
4(887 888 909 908)
4(908 909 930 929)
4(929 930 951 950)
4(950 951 972 971)
4(971 972 993 992)
4(992 993 1014 1013)
4(1013 1014 1035 1034)
4(1034 1035 1056 1055)
4(1055 1056 1077 1076)
4(1076 1077 1098 1097)
4(1097 1098 1119 1118)
4(1118 1119 1140 1139)
4(1139 1140 1161 1160)
4(1160 1161 1182 1181)
4(1181 1182 1203 1202)
4(1202 1203 1224 1223)
4(1223 1224 1245 1244)
4(1244 1245 1266 1265)
4(1265 1266 1287 1286)
4(1286 1287 1308 1307)
4(1307 1308 1329 1328)
4(1328 1329 1350 1349)
4(1349 1350 1371 1370)
4(1370 1371 1392 1391)
4(1391 1392 1413 1412)
4(1412 1413 1434 1433)
4(1433 1434 1455 1454)
4(1454 1455 1476 1475)
4(1475 1476 1497 1496)
4(1496 1497 1518 1517)
4(1517 1518 1539 1538)
4(1538 1539 1560 1559)
4(1559 1560 1581 1580)
4(1580 1581 1602 1601)
4(1601 1602 1623 1622)
4(1622 1623 1644 1643)
4(1643 1644 1665 1664)
4(1664 1665 1686 1685)
4(1685 1686 1707 1706)
4(867 868 889 888)
4(888 889 910 909)
4(909 910 931 930)
4(930 931 952 951)
4(951 952 973 972)
4(972 973 994 993)
4(993 994 1015 1014)
4(1014 1015 1036 1035)
4(1035 1036 1057 1056)
4(1056 1057 1078 1077)
4(1077 1078 1099 1098)
4(1098 1099 1120 1119)
4(1119 1120 1141 1140)
4(1140 1141 1162 1161)
4(1161 1162 1183 1182)
4(1182 1183 1204 1203)
4(1203 1204 1225 1224)
4(1224 1225 1246 1245)
4(1245 1246 1267 1266)
4(1266 1267 1288 1287)
4(1287 1288 1309 1308)
4(1308 1309 1330 1329)
4(1329 1330 1351 1350)
4(1350 1351 1372 1371)
4(1371 1372 1393 1392)
4(1392 1393 1414 1413)
4(1413 1414 1435 1434)
4(1434 1435 1456 1455)
4(1455 1456 1477 1476)
4(1476 1477 1498 1497)
4(1497 1498 1519 1518)
4(1518 1519 1540 1539)
4(1539 1540 1561 1560)
4(1560 1561 1582 1581)
4(1581 1582 1603 1602)
4(1602 1603 1624 1623)
4(1623 1624 1645 1644)
4(1644 1645 1666 1665)
4(1665 1666 1687 1686)
4(1686 1687 1708 1707)
4(868 869 890 889)
4(889 890 911 910)
4(910 911 932 931)
4(931 932 953 952)
4(952 953 974 973)
4(973 974 995 994)
4(994 995 1016 1015)
4(1015 1016 1037 1036)
4(1036 1037 1058 1057)
4(1057 1058 1079 1078)
4(1078 1079 1100 1099)
4(1099 1100 1121 1120)
4(1120 1121 1142 1141)
4(1141 1142 1163 1162)
4(1162 1163 1184 1183)
4(1183 1184 1205 1204)
4(1204 1205 1226 1225)
4(1225 1226 1247 1246)
4(1246 1247 1268 1267)
4(1267 1268 1289 1288)
4(1288 1289 1310 1309)
4(1309 1310 1331 1330)
4(1330 1331 1352 1351)
4(1351 1352 1373 1372)
4(1372 1373 1394 1393)
4(1393 1394 1415 1414)
4(1414 1415 1436 1435)
4(1435 1436 1457 1456)
4(1456 1457 1478 1477)
4(1477 1478 1499 1498)
4(1498 1499 1520 1519)
4(1519 1520 1541 1540)
4(1540 1541 1562 1561)
4(1561 1562 1583 1582)
4(1582 1583 1604 1603)
4(1603 1604 1625 1624)
4(1624 1625 1646 1645)
4(1645 1646 1667 1666)
4(1666 1667 1688 1687)
4(1687 1688 1709 1708)
4(869 870 891 890)
4(890 891 912 911)
4(911 912 933 932)
4(932 933 954 953)
4(953 954 975 974)
4(974 975 996 995)
4(995 996 1017 1016)
4(1016 1017 1038 1037)
4(1037 1038 1059 1058)
4(1058 1059 1080 1079)
4(1079 1080 1101 1100)
4(1100 1101 1122 1121)
4(1121 1122 1143 1142)
4(1142 1143 1164 1163)
4(1163 1164 1185 1184)
4(1184 1185 1206 1205)
4(1205 1206 1227 1226)
4(1226 1227 1248 1247)
4(1247 1248 1269 1268)
4(1268 1269 1290 1289)
4(1289 1290 1311 1310)
4(1310 1311 1332 1331)
4(1331 1332 1353 1352)
4(1352 1353 1374 1373)
4(1373 1374 1395 1394)
4(1394 1395 1416 1415)
4(1415 1416 1437 1436)
4(1436 1437 1458 1457)
4(1457 1458 1479 1478)
4(1478 1479 1500 1499)
4(1499 1500 1521 1520)
4(1520 1521 1542 1541)
4(1541 1542 1563 1562)
4(1562 1563 1584 1583)
4(1583 1584 1605 1604)
4(1604 1605 1626 1625)
4(1625 1626 1647 1646)
4(1646 1647 1668 1667)
4(1667 1668 1689 1688)
4(1688 1689 1710 1709)
4(870 871 892 891)
4(891 892 913 912)
4(912 913 934 933)
4(933 934 955 954)
4(954 955 976 975)
4(975 976 997 996)
4(996 997 1018 1017)
4(1017 1018 1039 1038)
4(1038 1039 1060 1059)
4(1059 1060 1081 1080)
4(1080 1081 1102 1101)
4(1101 1102 1123 1122)
4(1122 1123 1144 1143)
4(1143 1144 1165 1164)
4(1164 1165 1186 1185)
4(1185 1186 1207 1206)
4(1206 1207 1228 1227)
4(1227 1228 1249 1248)
4(1248 1249 1270 1269)
4(1269 1270 1291 1290)
4(1290 1291 1312 1311)
4(1311 1312 1333 1332)
4(1332 1333 1354 1353)
4(1353 1354 1375 1374)
4(1374 1375 1396 1395)
4(1395 1396 1417 1416)
4(1416 1417 1438 1437)
4(1437 1438 1459 1458)
4(1458 1459 1480 1479)
4(1479 1480 1501 1500)
4(1500 1501 1522 1521)
4(1521 1522 1543 1542)
4(1542 1543 1564 1563)
4(1563 1564 1585 1584)
4(1584 1585 1606 1605)
4(1605 1606 1627 1626)
4(1626 1627 1648 1647)
4(1647 1648 1669 1668)
4(1668 1669 1690 1689)
4(1689 1690 1711 1710)
4(871 872 893 892)
4(892 893 914 913)
4(913 914 935 934)
4(934 935 956 955)
4(955 956 977 976)
4(976 977 998 997)
4(997 998 1019 1018)
4(1018 1019 1040 1039)
4(1039 1040 1061 1060)
4(1060 1061 1082 1081)
4(1081 1082 1103 1102)
4(1102 1103 1124 1123)
4(1123 1124 1145 1144)
4(1144 1145 1166 1165)
4(1165 1166 1187 1186)
4(1186 1187 1208 1207)
4(1207 1208 1229 1228)
4(1228 1229 1250 1249)
4(1249 1250 1271 1270)
4(1270 1271 1292 1291)
4(1291 1292 1313 1312)
4(1312 1313 1334 1333)
4(1333 1334 1355 1354)
4(1354 1355 1376 1375)
4(1375 1376 1397 1396)
4(1396 1397 1418 1417)
4(1417 1418 1439 1438)
4(1438 1439 1460 1459)
4(1459 1460 1481 1480)
4(1480 1481 1502 1501)
4(1501 1502 1523 1522)
4(1522 1523 1544 1543)
4(1543 1544 1565 1564)
4(1564 1565 1586 1585)
4(1585 1586 1607 1606)
4(1606 1607 1628 1627)
4(1627 1628 1649 1648)
4(1648 1649 1670 1669)
4(1669 1670 1691 1690)
4(1690 1691 1712 1711)
4(872 873 894 893)
4(893 894 915 914)
4(914 915 936 935)
4(935 936 957 956)
4(956 957 978 977)
4(977 978 999 998)
4(998 999 1020 1019)
4(1019 1020 1041 1040)
4(1040 1041 1062 1061)
4(1061 1062 1083 1082)
4(1082 1083 1104 1103)
4(1103 1104 1125 1124)
4(1124 1125 1146 1145)
4(1145 1146 1167 1166)
4(1166 1167 1188 1187)
4(1187 1188 1209 1208)
4(1208 1209 1230 1229)
4(1229 1230 1251 1250)
4(1250 1251 1272 1271)
4(1271 1272 1293 1292)
4(1292 1293 1314 1313)
4(1313 1314 1335 1334)
4(1334 1335 1356 1355)
4(1355 1356 1377 1376)
4(1376 1377 1398 1397)
4(1397 1398 1419 1418)
4(1418 1419 1440 1439)
4(1439 1440 1461 1460)
4(1460 1461 1482 1481)
4(1481 1482 1503 1502)
4(1502 1503 1524 1523)
4(1523 1524 1545 1544)
4(1544 1545 1566 1565)
4(1565 1566 1587 1586)
4(1586 1587 1608 1607)
4(1607 1608 1629 1628)
4(1628 1629 1650 1649)
4(1649 1650 1671 1670)
4(1670 1671 1692 1691)
4(1691 1692 1713 1712)
4(873 874 895 894)
4(894 895 916 915)
4(915 916 937 936)
4(936 937 958 957)
4(957 958 979 978)
4(978 979 1000 999)
4(999 1000 1021 1020)
4(1020 1021 1042 1041)
4(1041 1042 1063 1062)
4(1062 1063 1084 1083)
4(1083 1084 1105 1104)
4(1104 1105 1126 1125)
4(1125 1126 1147 1146)
4(1146 1147 1168 1167)
4(1167 1168 1189 1188)
4(1188 1189 1210 1209)
4(1209 1210 1231 1230)
4(1230 1231 1252 1251)
4(1251 1252 1273 1272)
4(1272 1273 1294 1293)
4(1293 1294 1315 1314)
4(1314 1315 1336 1335)
4(1335 1336 1357 1356)
4(1356 1357 1378 1377)
4(1377 1378 1399 1398)
4(1398 1399 1420 1419)
4(1419 1420 1441 1440)
4(1440 1441 1462 1461)
4(1461 1462 1483 1482)
4(1482 1483 1504 1503)
4(1503 1504 1525 1524)
4(1524 1525 1546 1545)
4(1545 1546 1567 1566)
4(1566 1567 1588 1587)
4(1587 1588 1609 1608)
4(1608 1609 1630 1629)
4(1629 1630 1651 1650)
4(1650 1651 1672 1671)
4(1671 1672 1693 1692)
4(1692 1693 1714 1713)
4(874 875 896 895)
4(895 896 917 916)
4(916 917 938 937)
4(937 938 959 958)
4(958 959 980 979)
4(979 980 1001 1000)
4(1000 1001 1022 1021)
4(1021 1022 1043 1042)
4(1042 1043 1064 1063)
4(1063 1064 1085 1084)
4(1084 1085 1106 1105)
4(1105 1106 1127 1126)
4(1126 1127 1148 1147)
4(1147 1148 1169 1168)
4(1168 1169 1190 1189)
4(1189 1190 1211 1210)
4(1210 1211 1232 1231)
4(1231 1232 1253 1252)
4(1252 1253 1274 1273)
4(1273 1274 1295 1294)
4(1294 1295 1316 1315)
4(1315 1316 1337 1336)
4(1336 1337 1358 1357)
4(1357 1358 1379 1378)
4(1378 1379 1400 1399)
4(1399 1400 1421 1420)
4(1420 1421 1442 1441)
4(1441 1442 1463 1462)
4(1462 1463 1484 1483)
4(1483 1484 1505 1504)
4(1504 1505 1526 1525)
4(1525 1526 1547 1546)
4(1546 1547 1568 1567)
4(1567 1568 1589 1588)
4(1588 1589 1610 1609)
4(1609 1610 1631 1630)
4(1630 1631 1652 1651)
4(1651 1652 1673 1672)
4(1672 1673 1694 1693)
4(1693 1694 1715 1714)
4(875 876 897 896)
4(896 897 918 917)
4(917 918 939 938)
4(938 939 960 959)
4(959 960 981 980)
4(980 981 1002 1001)
4(1001 1002 1023 1022)
4(1022 1023 1044 1043)
4(1043 1044 1065 1064)
4(1064 1065 1086 1085)
4(1085 1086 1107 1106)
4(1106 1107 1128 1127)
4(1127 1128 1149 1148)
4(1148 1149 1170 1169)
4(1169 1170 1191 1190)
4(1190 1191 1212 1211)
4(1211 1212 1233 1232)
4(1232 1233 1254 1253)
4(1253 1254 1275 1274)
4(1274 1275 1296 1295)
4(1295 1296 1317 1316)
4(1316 1317 1338 1337)
4(1337 1338 1359 1358)
4(1358 1359 1380 1379)
4(1379 1380 1401 1400)
4(1400 1401 1422 1421)
4(1421 1422 1443 1442)
4(1442 1443 1464 1463)
4(1463 1464 1485 1484)
4(1484 1485 1506 1505)
4(1505 1506 1527 1526)
4(1526 1527 1548 1547)
4(1547 1548 1569 1568)
4(1568 1569 1590 1589)
4(1589 1590 1611 1610)
4(1610 1611 1632 1631)
4(1631 1632 1653 1652)
4(1652 1653 1674 1673)
4(1673 1674 1695 1694)
4(1694 1695 1716 1715)
4(876 877 898 897)
4(897 898 919 918)
4(918 919 940 939)
4(939 940 961 960)
4(960 961 982 981)
4(981 982 1003 1002)
4(1002 1003 1024 1023)
4(1023 1024 1045 1044)
4(1044 1045 1066 1065)
4(1065 1066 1087 1086)
4(1086 1087 1108 1107)
4(1107 1108 1129 1128)
4(1128 1129 1150 1149)
4(1149 1150 1171 1170)
4(1170 1171 1192 1191)
4(1191 1192 1213 1212)
4(1212 1213 1234 1233)
4(1233 1234 1255 1254)
4(1254 1255 1276 1275)
4(1275 1276 1297 1296)
4(1296 1297 1318 1317)
4(1317 1318 1339 1338)
4(1338 1339 1360 1359)
4(1359 1360 1381 1380)
4(1380 1381 1402 1401)
4(1401 1402 1423 1422)
4(1422 1423 1444 1443)
4(1443 1444 1465 1464)
4(1464 1465 1486 1485)
4(1485 1486 1507 1506)
4(1506 1507 1528 1527)
4(1527 1528 1549 1548)
4(1548 1549 1570 1569)
4(1569 1570 1591 1590)
4(1590 1591 1612 1611)
4(1611 1612 1633 1632)
4(1632 1633 1654 1653)
4(1653 1654 1675 1674)
4(1674 1675 1696 1695)
4(1695 1696 1717 1716)
4(877 878 899 898)
4(898 899 920 919)
4(919 920 941 940)
4(940 941 962 961)
4(961 962 983 982)
4(982 983 1004 1003)
4(1003 1004 1025 1024)
4(1024 1025 1046 1045)
4(1045 1046 1067 1066)
4(1066 1067 1088 1087)
4(1087 1088 1109 1108)
4(1108 1109 1130 1129)
4(1129 1130 1151 1150)
4(1150 1151 1172 1171)
4(1171 1172 1193 1192)
4(1192 1193 1214 1213)
4(1213 1214 1235 1234)
4(1234 1235 1256 1255)
4(1255 1256 1277 1276)
4(1276 1277 1298 1297)
4(1297 1298 1319 1318)
4(1318 1319 1340 1339)
4(1339 1340 1361 1360)
4(1360 1361 1382 1381)
4(1381 1382 1403 1402)
4(1402 1403 1424 1423)
4(1423 1424 1445 1444)
4(1444 1445 1466 1465)
4(1465 1466 1487 1486)
4(1486 1487 1508 1507)
4(1507 1508 1529 1528)
4(1528 1529 1550 1549)
4(1549 1550 1571 1570)
4(1570 1571 1592 1591)
4(1591 1592 1613 1612)
4(1612 1613 1634 1633)
4(1633 1634 1655 1654)
4(1654 1655 1676 1675)
4(1675 1676 1697 1696)
4(1696 1697 1718 1717)
4(878 879 900 899)
4(899 900 921 920)
4(920 921 942 941)
4(941 942 963 962)
4(962 963 984 983)
4(983 984 1005 1004)
4(1004 1005 1026 1025)
4(1025 1026 1047 1046)
4(1046 1047 1068 1067)
4(1067 1068 1089 1088)
4(1088 1089 1110 1109)
4(1109 1110 1131 1130)
4(1130 1131 1152 1151)
4(1151 1152 1173 1172)
4(1172 1173 1194 1193)
4(1193 1194 1215 1214)
4(1214 1215 1236 1235)
4(1235 1236 1257 1256)
4(1256 1257 1278 1277)
4(1277 1278 1299 1298)
4(1298 1299 1320 1319)
4(1319 1320 1341 1340)
4(1340 1341 1362 1361)
4(1361 1362 1383 1382)
4(1382 1383 1404 1403)
4(1403 1404 1425 1424)
4(1424 1425 1446 1445)
4(1445 1446 1467 1466)
4(1466 1467 1488 1487)
4(1487 1488 1509 1508)
4(1508 1509 1530 1529)
4(1529 1530 1551 1550)
4(1550 1551 1572 1571)
4(1571 1572 1593 1592)
4(1592 1593 1614 1613)
4(1613 1614 1635 1634)
4(1634 1635 1656 1655)
4(1655 1656 1677 1676)
4(1676 1677 1698 1697)
4(1697 1698 1719 1718)
4(879 880 901 900)
4(900 901 922 921)
4(921 922 943 942)
4(942 943 964 963)
4(963 964 985 984)
4(984 985 1006 1005)
4(1005 1006 1027 1026)
4(1026 1027 1048 1047)
4(1047 1048 1069 1068)
4(1068 1069 1090 1089)
4(1089 1090 1111 1110)
4(1110 1111 1132 1131)
4(1131 1132 1153 1152)
4(1152 1153 1174 1173)
4(1173 1174 1195 1194)
4(1194 1195 1216 1215)
4(1215 1216 1237 1236)
4(1236 1237 1258 1257)
4(1257 1258 1279 1278)
4(1278 1279 1300 1299)
4(1299 1300 1321 1320)
4(1320 1321 1342 1341)
4(1341 1342 1363 1362)
4(1362 1363 1384 1383)
4(1383 1384 1405 1404)
4(1404 1405 1426 1425)
4(1425 1426 1447 1446)
4(1446 1447 1468 1467)
4(1467 1468 1489 1488)
4(1488 1489 1510 1509)
4(1509 1510 1531 1530)
4(1530 1531 1552 1551)
4(1551 1552 1573 1572)
4(1572 1573 1594 1593)
4(1593 1594 1615 1614)
4(1614 1615 1636 1635)
4(1635 1636 1657 1656)
4(1656 1657 1678 1677)
4(1677 1678 1699 1698)
4(1698 1699 1720 1719)
4(880 881 902 901)
4(901 902 923 922)
4(922 923 944 943)
4(943 944 965 964)
4(964 965 986 985)
4(985 986 1007 1006)
4(1006 1007 1028 1027)
4(1027 1028 1049 1048)
4(1048 1049 1070 1069)
4(1069 1070 1091 1090)
4(1090 1091 1112 1111)
4(1111 1112 1133 1132)
4(1132 1133 1154 1153)
4(1153 1154 1175 1174)
4(1174 1175 1196 1195)
4(1195 1196 1217 1216)
4(1216 1217 1238 1237)
4(1237 1238 1259 1258)
4(1258 1259 1280 1279)
4(1279 1280 1301 1300)
4(1300 1301 1322 1321)
4(1321 1322 1343 1342)
4(1342 1343 1364 1363)
4(1363 1364 1385 1384)
4(1384 1385 1406 1405)
4(1405 1406 1427 1426)
4(1426 1427 1448 1447)
4(1447 1448 1469 1468)
4(1468 1469 1490 1489)
4(1489 1490 1511 1510)
4(1510 1511 1532 1531)
4(1531 1532 1553 1552)
4(1552 1553 1574 1573)
4(1573 1574 1595 1594)
4(1594 1595 1616 1615)
4(1615 1616 1637 1636)
4(1636 1637 1658 1657)
4(1657 1658 1679 1678)
4(1678 1679 1700 1699)
4(1699 1700 1721 1720)
4(0 21 22 1)
4(21 42 43 22)
4(42 63 64 43)
4(63 84 85 64)
4(84 105 106 85)
4(105 126 127 106)
4(126 147 148 127)
4(147 168 169 148)
4(168 189 190 169)
4(189 210 211 190)
4(210 231 232 211)
4(231 252 253 232)
4(252 273 274 253)
4(273 294 295 274)
4(294 315 316 295)
4(315 336 337 316)
4(336 357 358 337)
4(357 378 379 358)
4(378 399 400 379)
4(399 420 421 400)
4(420 441 442 421)
4(441 462 463 442)
4(462 483 484 463)
4(483 504 505 484)
4(504 525 526 505)
4(525 546 547 526)
4(546 567 568 547)
4(567 588 589 568)
4(588 609 610 589)
4(609 630 631 610)
4(630 651 652 631)
4(651 672 673 652)
4(672 693 694 673)
4(693 714 715 694)
4(714 735 736 715)
4(735 756 757 736)
4(756 777 778 757)
4(777 798 799 778)
4(798 819 820 799)
4(819 840 841 820)
4(1 22 23 2)
4(22 43 44 23)
4(43 64 65 44)
4(64 85 86 65)
4(85 106 107 86)
4(106 127 128 107)
4(127 148 149 128)
4(148 169 170 149)
4(169 190 191 170)
4(190 211 212 191)
4(211 232 233 212)
4(232 253 254 233)
4(253 274 275 254)
4(274 295 296 275)
4(295 316 317 296)
4(316 337 338 317)
4(337 358 359 338)
4(358 379 380 359)
4(379 400 401 380)
4(400 421 422 401)
4(421 442 443 422)
4(442 463 464 443)
4(463 484 485 464)
4(484 505 506 485)
4(505 526 527 506)
4(526 547 548 527)
4(547 568 569 548)
4(568 589 590 569)
4(589 610 611 590)
4(610 631 632 611)
4(631 652 653 632)
4(652 673 674 653)
4(673 694 695 674)
4(694 715 716 695)
4(715 736 737 716)
4(736 757 758 737)
4(757 778 779 758)
4(778 799 800 779)
4(799 820 821 800)
4(820 841 842 821)
4(2 23 24 3)
4(23 44 45 24)
4(44 65 66 45)
4(65 86 87 66)
4(86 107 108 87)
4(107 128 129 108)
4(128 149 150 129)
4(149 170 171 150)
4(170 191 192 171)
4(191 212 213 192)
4(212 233 234 213)
4(233 254 255 234)
4(254 275 276 255)
4(275 296 297 276)
4(296 317 318 297)
4(317 338 339 318)
4(338 359 360 339)
4(359 380 381 360)
4(380 401 402 381)
4(401 422 423 402)
4(422 443 444 423)
4(443 464 465 444)
4(464 485 486 465)
4(485 506 507 486)
4(506 527 528 507)
4(527 548 549 528)
4(548 569 570 549)
4(569 590 591 570)
4(590 611 612 591)
4(611 632 633 612)
4(632 653 654 633)
4(653 674 675 654)
4(674 695 696 675)
4(695 716 717 696)
4(716 737 738 717)
4(737 758 759 738)
4(758 779 780 759)
4(779 800 801 780)
4(800 821 822 801)
4(821 842 843 822)
4(3 24 25 4)
4(24 45 46 25)
4(45 66 67 46)
4(66 87 88 67)
4(87 108 109 88)
4(108 129 130 109)
4(129 150 151 130)
4(150 171 172 151)
4(171 192 193 172)
4(192 213 214 193)
4(213 234 235 214)
4(234 255 256 235)
4(255 276 277 256)
4(276 297 298 277)
4(297 318 319 298)
4(318 339 340 319)
4(339 360 361 340)
4(360 381 382 361)
4(381 402 403 382)
4(402 423 424 403)
4(423 444 445 424)
4(444 465 466 445)
4(465 486 487 466)
4(486 507 508 487)
4(507 528 529 508)
4(528 549 550 529)
4(549 570 571 550)
4(570 591 592 571)
4(591 612 613 592)
4(612 633 634 613)
4(633 654 655 634)
4(654 675 676 655)
4(675 696 697 676)
4(696 717 718 697)
4(717 738 739 718)
4(738 759 760 739)
4(759 780 781 760)
4(780 801 802 781)
4(801 822 823 802)
4(822 843 844 823)
4(4 25 26 5)
4(25 46 47 26)
4(46 67 68 47)
4(67 88 89 68)
4(88 109 110 89)
4(109 130 131 110)
4(130 151 152 131)
4(151 172 173 152)
4(172 193 194 173)
4(193 214 215 194)
4(214 235 236 215)
4(235 256 257 236)
4(256 277 278 257)
4(277 298 299 278)
4(298 319 320 299)
4(319 340 341 320)
4(340 361 362 341)
4(361 382 383 362)
4(382 403 404 383)
4(403 424 425 404)
4(424 445 446 425)
4(445 466 467 446)
4(466 487 488 467)
4(487 508 509 488)
4(508 529 530 509)
4(529 550 551 530)
4(550 571 572 551)
4(571 592 593 572)
4(592 613 614 593)
4(613 634 635 614)
4(634 655 656 635)
4(655 676 677 656)
4(676 697 698 677)
4(697 718 719 698)
4(718 739 740 719)
4(739 760 761 740)
4(760 781 782 761)
4(781 802 803 782)
4(802 823 824 803)
4(823 844 845 824)
4(5 26 27 6)
4(26 47 48 27)
4(47 68 69 48)
4(68 89 90 69)
4(89 110 111 90)
4(110 131 132 111)
4(131 152 153 132)
4(152 173 174 153)
4(173 194 195 174)
4(194 215 216 195)
4(215 236 237 216)
4(236 257 258 237)
4(257 278 279 258)
4(278 299 300 279)
4(299 320 321 300)
4(320 341 342 321)
4(341 362 363 342)
4(362 383 384 363)
4(383 404 405 384)
4(404 425 426 405)
4(425 446 447 426)
4(446 467 468 447)
4(467 488 489 468)
4(488 509 510 489)
4(509 530 531 510)
4(530 551 552 531)
4(551 572 573 552)
4(572 593 594 573)
4(593 614 615 594)
4(614 635 636 615)
4(635 656 657 636)
4(656 677 678 657)
4(677 698 699 678)
4(698 719 720 699)
4(719 740 741 720)
4(740 761 762 741)
4(761 782 783 762)
4(782 803 804 783)
4(803 824 825 804)
4(824 845 846 825)
4(6 27 28 7)
4(27 48 49 28)
4(48 69 70 49)
4(69 90 91 70)
4(90 111 112 91)
4(111 132 133 112)
4(132 153 154 133)
4(153 174 175 154)
4(174 195 196 175)
4(195 216 217 196)
4(216 237 238 217)
4(237 258 259 238)
4(258 279 280 259)
4(279 300 301 280)
4(300 321 322 301)
4(321 342 343 322)
4(342 363 364 343)
4(363 384 385 364)
4(384 405 406 385)
4(405 426 427 406)
4(426 447 448 427)
4(447 468 469 448)
4(468 489 490 469)
4(489 510 511 490)
4(510 531 532 511)
4(531 552 553 532)
4(552 573 574 553)
4(573 594 595 574)
4(594 615 616 595)
4(615 636 637 616)
4(636 657 658 637)
4(657 678 679 658)
4(678 699 700 679)
4(699 720 721 700)
4(720 741 742 721)
4(741 762 763 742)
4(762 783 784 763)
4(783 804 805 784)
4(804 825 826 805)
4(825 846 847 826)
4(7 28 29 8)
4(28 49 50 29)
4(49 70 71 50)
4(70 91 92 71)
4(91 112 113 92)
4(112 133 134 113)
4(133 154 155 134)
4(154 175 176 155)
4(175 196 197 176)
4(196 217 218 197)
4(217 238 239 218)
4(238 259 260 239)
4(259 280 281 260)
4(280 301 302 281)
4(301 322 323 302)
4(322 343 344 323)
4(343 364 365 344)
4(364 385 386 365)
4(385 406 407 386)
4(406 427 428 407)
4(427 448 449 428)
4(448 469 470 449)
4(469 490 491 470)
4(490 511 512 491)
4(511 532 533 512)
4(532 553 554 533)
4(553 574 575 554)
4(574 595 596 575)
4(595 616 617 596)
4(616 637 638 617)
4(637 658 659 638)
4(658 679 680 659)
4(679 700 701 680)
4(700 721 722 701)
4(721 742 743 722)
4(742 763 764 743)
4(763 784 785 764)
4(784 805 806 785)
4(805 826 827 806)
4(826 847 848 827)
4(8 29 30 9)
4(29 50 51 30)
4(50 71 72 51)
4(71 92 93 72)
4(92 113 114 93)
4(113 134 135 114)
4(134 155 156 135)
4(155 176 177 156)
4(176 197 198 177)
4(197 218 219 198)
4(218 239 240 219)
4(239 260 261 240)
4(260 281 282 261)
4(281 302 303 282)
4(302 323 324 303)
4(323 344 345 324)
4(344 365 366 345)
4(365 386 387 366)
4(386 407 408 387)
4(407 428 429 408)
4(428 449 450 429)
4(449 470 471 450)
4(470 491 492 471)
4(491 512 513 492)
4(512 533 534 513)
4(533 554 555 534)
4(554 575 576 555)
4(575 596 597 576)
4(596 617 618 597)
4(617 638 639 618)
4(638 659 660 639)
4(659 680 681 660)
4(680 701 702 681)
4(701 722 723 702)
4(722 743 744 723)
4(743 764 765 744)
4(764 785 786 765)
4(785 806 807 786)
4(806 827 828 807)
4(827 848 849 828)
4(9 30 31 10)
4(30 51 52 31)
4(51 72 73 52)
4(72 93 94 73)
4(93 114 115 94)
4(114 135 136 115)
4(135 156 157 136)
4(156 177 178 157)
4(177 198 199 178)
4(198 219 220 199)
4(219 240 241 220)
4(240 261 262 241)
4(261 282 283 262)
4(282 303 304 283)
4(303 324 325 304)
4(324 345 346 325)
4(345 366 367 346)
4(366 387 388 367)
4(387 408 409 388)
4(408 429 430 409)
4(429 450 451 430)
4(450 471 472 451)
4(471 492 493 472)
4(492 513 514 493)
4(513 534 535 514)
4(534 555 556 535)
4(555 576 577 556)
4(576 597 598 577)
4(597 618 619 598)
4(618 639 640 619)
4(639 660 661 640)
4(660 681 682 661)
4(681 702 703 682)
4(702 723 724 703)
4(723 744 745 724)
4(744 765 766 745)
4(765 786 787 766)
4(786 807 808 787)
4(807 828 829 808)
4(828 849 850 829)
4(10 31 32 11)
4(31 52 53 32)
4(52 73 74 53)
4(73 94 95 74)
4(94 115 116 95)
4(115 136 137 116)
4(136 157 158 137)
4(157 178 179 158)
4(178 199 200 179)
4(199 220 221 200)
4(220 241 242 221)
4(241 262 263 242)
4(262 283 284 263)
4(283 304 305 284)
4(304 325 326 305)
4(325 346 347 326)
4(346 367 368 347)
4(367 388 389 368)
4(388 409 410 389)
4(409 430 431 410)
4(430 451 452 431)
4(451 472 473 452)
4(472 493 494 473)
4(493 514 515 494)
4(514 535 536 515)
4(535 556 557 536)
4(556 577 578 557)
4(577 598 599 578)
4(598 619 620 599)
4(619 640 641 620)
4(640 661 662 641)
4(661 682 683 662)
4(682 703 704 683)
4(703 724 725 704)
4(724 745 746 725)
4(745 766 767 746)
4(766 787 788 767)
4(787 808 809 788)
4(808 829 830 809)
4(829 850 851 830)
4(11 32 33 12)
4(32 53 54 33)
4(53 74 75 54)
4(74 95 96 75)
4(95 116 117 96)
4(116 137 138 117)
4(137 158 159 138)
4(158 179 180 159)
4(179 200 201 180)
4(200 221 222 201)
4(221 242 243 222)
4(242 263 264 243)
4(263 284 285 264)
4(284 305 306 285)
4(305 326 327 306)
4(326 347 348 327)
4(347 368 369 348)
4(368 389 390 369)
4(389 410 411 390)
4(410 431 432 411)
4(431 452 453 432)
4(452 473 474 453)
4(473 494 495 474)
4(494 515 516 495)
4(515 536 537 516)
4(536 557 558 537)
4(557 578 579 558)
4(578 599 600 579)
4(599 620 621 600)
4(620 641 642 621)
4(641 662 663 642)
4(662 683 684 663)
4(683 704 705 684)
4(704 725 726 705)
4(725 746 747 726)
4(746 767 768 747)
4(767 788 789 768)
4(788 809 810 789)
4(809 830 831 810)
4(830 851 852 831)
4(12 33 34 13)
4(33 54 55 34)
4(54 75 76 55)
4(75 96 97 76)
4(96 117 118 97)
4(117 138 139 118)
4(138 159 160 139)
4(159 180 181 160)
4(180 201 202 181)
4(201 222 223 202)
4(222 243 244 223)
4(243 264 265 244)
4(264 285 286 265)
4(285 306 307 286)
4(306 327 328 307)
4(327 348 349 328)
4(348 369 370 349)
4(369 390 391 370)
4(390 411 412 391)
4(411 432 433 412)
4(432 453 454 433)
4(453 474 475 454)
4(474 495 496 475)
4(495 516 517 496)
4(516 537 538 517)
4(537 558 559 538)
4(558 579 580 559)
4(579 600 601 580)
4(600 621 622 601)
4(621 642 643 622)
4(642 663 664 643)
4(663 684 685 664)
4(684 705 706 685)
4(705 726 727 706)
4(726 747 748 727)
4(747 768 769 748)
4(768 789 790 769)
4(789 810 811 790)
4(810 831 832 811)
4(831 852 853 832)
4(13 34 35 14)
4(34 55 56 35)
4(55 76 77 56)
4(76 97 98 77)
4(97 118 119 98)
4(118 139 140 119)
4(139 160 161 140)
4(160 181 182 161)
4(181 202 203 182)
4(202 223 224 203)
4(223 244 245 224)
4(244 265 266 245)
4(265 286 287 266)
4(286 307 308 287)
4(307 328 329 308)
4(328 349 350 329)
4(349 370 371 350)
4(370 391 392 371)
4(391 412 413 392)
4(412 433 434 413)
4(433 454 455 434)
4(454 475 476 455)
4(475 496 497 476)
4(496 517 518 497)
4(517 538 539 518)
4(538 559 560 539)
4(559 580 581 560)
4(580 601 602 581)
4(601 622 623 602)
4(622 643 644 623)
4(643 664 665 644)
4(664 685 686 665)
4(685 706 707 686)
4(706 727 728 707)
4(727 748 749 728)
4(748 769 770 749)
4(769 790 791 770)
4(790 811 812 791)
4(811 832 833 812)
4(832 853 854 833)
4(14 35 36 15)
4(35 56 57 36)
4(56 77 78 57)
4(77 98 99 78)
4(98 119 120 99)
4(119 140 141 120)
4(140 161 162 141)
4(161 182 183 162)
4(182 203 204 183)
4(203 224 225 204)
4(224 245 246 225)
4(245 266 267 246)
4(266 287 288 267)
4(287 308 309 288)
4(308 329 330 309)
4(329 350 351 330)
4(350 371 372 351)
4(371 392 393 372)
4(392 413 414 393)
4(413 434 435 414)
4(434 455 456 435)
4(455 476 477 456)
4(476 497 498 477)
4(497 518 519 498)
4(518 539 540 519)
4(539 560 561 540)
4(560 581 582 561)
4(581 602 603 582)
4(602 623 624 603)
4(623 644 645 624)
4(644 665 666 645)
4(665 686 687 666)
4(686 707 708 687)
4(707 728 729 708)
4(728 749 750 729)
4(749 770 771 750)
4(770 791 792 771)
4(791 812 813 792)
4(812 833 834 813)
4(833 854 855 834)
4(15 36 37 16)
4(36 57 58 37)
4(57 78 79 58)
4(78 99 100 79)
4(99 120 121 100)
4(120 141 142 121)
4(141 162 163 142)
4(162 183 184 163)
4(183 204 205 184)
4(204 225 226 205)
4(225 246 247 226)
4(246 267 268 247)
4(267 288 289 268)
4(288 309 310 289)
4(309 330 331 310)
4(330 351 352 331)
4(351 372 373 352)
4(372 393 394 373)
4(393 414 415 394)
4(414 435 436 415)
4(435 456 457 436)
4(456 477 478 457)
4(477 498 499 478)
4(498 519 520 499)
4(519 540 541 520)
4(540 561 562 541)
4(561 582 583 562)
4(582 603 604 583)
4(603 624 625 604)
4(624 645 646 625)
4(645 666 667 646)
4(666 687 688 667)
4(687 708 709 688)
4(708 729 730 709)
4(729 750 751 730)
4(750 771 772 751)
4(771 792 793 772)
4(792 813 814 793)
4(813 834 835 814)
4(834 855 856 835)
4(16 37 38 17)
4(37 58 59 38)
4(58 79 80 59)
4(79 100 101 80)
4(100 121 122 101)
4(121 142 143 122)
4(142 163 164 143)
4(163 184 185 164)
4(184 205 206 185)
4(205 226 227 206)
4(226 247 248 227)
4(247 268 269 248)
4(268 289 290 269)
4(289 310 311 290)
4(310 331 332 311)
4(331 352 353 332)
4(352 373 374 353)
4(373 394 395 374)
4(394 415 416 395)
4(415 436 437 416)
4(436 457 458 437)
4(457 478 479 458)
4(478 499 500 479)
4(499 520 521 500)
4(520 541 542 521)
4(541 562 563 542)
4(562 583 584 563)
4(583 604 605 584)
4(604 625 626 605)
4(625 646 647 626)
4(646 667 668 647)
4(667 688 689 668)
4(688 709 710 689)
4(709 730 731 710)
4(730 751 752 731)
4(751 772 773 752)
4(772 793 794 773)
4(793 814 815 794)
4(814 835 836 815)
4(835 856 857 836)
4(17 38 39 18)
4(38 59 60 39)
4(59 80 81 60)
4(80 101 102 81)
4(101 122 123 102)
4(122 143 144 123)
4(143 164 165 144)
4(164 185 186 165)
4(185 206 207 186)
4(206 227 228 207)
4(227 248 249 228)
4(248 269 270 249)
4(269 290 291 270)
4(290 311 312 291)
4(311 332 333 312)
4(332 353 354 333)
4(353 374 375 354)
4(374 395 396 375)
4(395 416 417 396)
4(416 437 438 417)
4(437 458 459 438)
4(458 479 480 459)
4(479 500 501 480)
4(500 521 522 501)
4(521 542 543 522)
4(542 563 564 543)
4(563 584 585 564)
4(584 605 606 585)
4(605 626 627 606)
4(626 647 648 627)
4(647 668 669 648)
4(668 689 690 669)
4(689 710 711 690)
4(710 731 732 711)
4(731 752 753 732)
4(752 773 774 753)
4(773 794 795 774)
4(794 815 816 795)
4(815 836 837 816)
4(836 857 858 837)
4(18 39 40 19)
4(39 60 61 40)
4(60 81 82 61)
4(81 102 103 82)
4(102 123 124 103)
4(123 144 145 124)
4(144 165 166 145)
4(165 186 187 166)
4(186 207 208 187)
4(207 228 229 208)
4(228 249 250 229)
4(249 270 271 250)
4(270 291 292 271)
4(291 312 313 292)
4(312 333 334 313)
4(333 354 355 334)
4(354 375 376 355)
4(375 396 397 376)
4(396 417 418 397)
4(417 438 439 418)
4(438 459 460 439)
4(459 480 481 460)
4(480 501 502 481)
4(501 522 523 502)
4(522 543 544 523)
4(543 564 565 544)
4(564 585 586 565)
4(585 606 607 586)
4(606 627 628 607)
4(627 648 649 628)
4(648 669 670 649)
4(669 690 691 670)
4(690 711 712 691)
4(711 732 733 712)
4(732 753 754 733)
4(753 774 775 754)
4(774 795 796 775)
4(795 816 817 796)
4(816 837 838 817)
4(837 858 859 838)
4(19 40 41 20)
4(40 61 62 41)
4(61 82 83 62)
4(82 103 104 83)
4(103 124 125 104)
4(124 145 146 125)
4(145 166 167 146)
4(166 187 188 167)
4(187 208 209 188)
4(208 229 230 209)
4(229 250 251 230)
4(250 271 272 251)
4(271 292 293 272)
4(292 313 314 293)
4(313 334 335 314)
4(334 355 356 335)
4(355 376 377 356)
4(376 397 398 377)
4(397 418 419 398)
4(418 439 440 419)
4(439 460 461 440)
4(460 481 482 461)
4(481 502 503 482)
4(502 523 524 503)
4(523 544 545 524)
4(544 565 566 545)
4(565 586 587 566)
4(586 607 608 587)
4(607 628 629 608)
4(628 649 650 629)
4(649 670 671 650)
4(670 691 692 671)
4(691 712 713 692)
4(712 733 734 713)
4(733 754 755 734)
4(754 775 776 755)
4(775 796 797 776)
4(796 817 818 797)
4(817 838 839 818)
4(838 859 860 839)
4(840 1701 1702 841)
4(841 1702 1703 842)
4(842 1703 1704 843)
4(843 1704 1705 844)
4(844 1705 1706 845)
4(845 1706 1707 846)
4(846 1707 1708 847)
4(847 1708 1709 848)
4(848 1709 1710 849)
4(849 1710 1711 850)
4(850 1711 1712 851)
4(851 1712 1713 852)
4(852 1713 1714 853)
4(853 1714 1715 854)
4(854 1715 1716 855)
4(855 1716 1717 856)
4(856 1717 1718 857)
4(857 1718 1719 858)
4(858 1719 1720 859)
4(859 1720 1721 860)
)


// ************************************************************************* //
