/*--------------------------------*- C++ -*----------------------------------*\
| =========                 |                                                 |
| \\      /  F ield         | OpenFOAM: The Open Source CFD Toolbox           |
|  \\    /   O peration     | Version:  2.3.0                                 |
|   \\  /    A nd           | Web:      www.OpenFOAM.org                      |
|    \\/     M anipulation  |                                                 |
\*---------------------------------------------------------------------------*/
FoamFile
{
    version     2.0;
    format      ascii;
    class       vectorField;
    location    "constant/polyMesh";
    object      points;
}
// * * * * * * * * * * * * * * * * * * * * * * * * * * * * * * * * * * * * * //


1722
(
(0 0 0)
(0.005 0 0)
(0.01 0 0)
(0.015 0 0)
(0.02 0 0)
(0.025 0 0)
(0.03 0 0)
(0.035 0 0)
(0.04 0 0)
(0.045 0 0)
(0.05 0 0)
(0.055 0 0)
(0.06 0 0)
(0.065 0 0)
(0.07 0 0)
(0.075 0 0)
(0.08 0 0)
(0.085 0 0)
(0.09 0 0)
(0.095 0 0)
(0.1 0 0)
(0 0.005 0)
(0.005 0.005 0)
(0.01 0.005 0)
(0.015 0.005 0)
(0.02 0.005 0)
(0.025 0.005 0)
(0.03 0.005 0)
(0.035 0.005 0)
(0.04 0.005 0)
(0.045 0.005 0)
(0.05 0.005 0)
(0.055 0.005 0)
(0.06 0.005 0)
(0.065 0.005 0)
(0.07 0.005 0)
(0.075 0.005 0)
(0.08 0.005 0)
(0.085 0.005 0)
(0.09 0.005 0)
(0.095 0.005 0)
(0.1 0.005 0)
(0 0.01 0)
(0.005 0.01 0)
(0.01 0.01 0)
(0.015 0.01 0)
(0.02 0.01 0)
(0.025 0.01 0)
(0.03 0.01 0)
(0.035 0.01 0)
(0.04 0.01 0)
(0.045 0.01 0)
(0.05 0.01 0)
(0.055 0.01 0)
(0.06 0.01 0)
(0.065 0.01 0)
(0.07 0.01 0)
(0.075 0.01 0)
(0.08 0.01 0)
(0.085 0.01 0)
(0.09 0.01 0)
(0.095 0.01 0)
(0.1 0.01 0)
(0 0.015 0)
(0.005 0.015 0)
(0.01 0.015 0)
(0.015 0.015 0)
(0.02 0.015 0)
(0.025 0.015 0)
(0.03 0.015 0)
(0.035 0.015 0)
(0.04 0.015 0)
(0.045 0.015 0)
(0.05 0.015 0)
(0.055 0.015 0)
(0.06 0.015 0)
(0.065 0.015 0)
(0.07 0.015 0)
(0.075 0.015 0)
(0.08 0.015 0)
(0.085 0.015 0)
(0.09 0.015 0)
(0.095 0.015 0)
(0.1 0.015 0)
(0 0.02 0)
(0.005 0.02 0)
(0.01 0.02 0)
(0.015 0.02 0)
(0.02 0.02 0)
(0.025 0.02 0)
(0.03 0.02 0)
(0.035 0.02 0)
(0.04 0.02 0)
(0.045 0.02 0)
(0.05 0.02 0)
(0.055 0.02 0)
(0.06 0.02 0)
(0.065 0.02 0)
(0.07 0.02 0)
(0.075 0.02 0)
(0.08 0.02 0)
(0.085 0.02 0)
(0.09 0.02 0)
(0.095 0.02 0)
(0.1 0.02 0)
(0 0.025 0)
(0.005 0.025 0)
(0.01 0.025 0)
(0.015 0.025 0)
(0.02 0.025 0)
(0.025 0.025 0)
(0.03 0.025 0)
(0.035 0.025 0)
(0.04 0.025 0)
(0.045 0.025 0)
(0.05 0.025 0)
(0.055 0.025 0)
(0.06 0.025 0)
(0.065 0.025 0)
(0.07 0.025 0)
(0.075 0.025 0)
(0.08 0.025 0)
(0.085 0.025 0)
(0.09 0.025 0)
(0.095 0.025 0)
(0.1 0.025 0)
(0 0.03 0)
(0.005 0.03 0)
(0.01 0.03 0)
(0.015 0.03 0)
(0.02 0.03 0)
(0.025 0.03 0)
(0.03 0.03 0)
(0.035 0.03 0)
(0.04 0.03 0)
(0.045 0.03 0)
(0.05 0.03 0)
(0.055 0.03 0)
(0.06 0.03 0)
(0.065 0.03 0)
(0.07 0.03 0)
(0.075 0.03 0)
(0.08 0.03 0)
(0.085 0.03 0)
(0.09 0.03 0)
(0.095 0.03 0)
(0.1 0.03 0)
(0 0.035 0)
(0.005 0.035 0)
(0.01 0.035 0)
(0.015 0.035 0)
(0.02 0.035 0)
(0.025 0.035 0)
(0.03 0.035 0)
(0.035 0.035 0)
(0.04 0.035 0)
(0.045 0.035 0)
(0.05 0.035 0)
(0.055 0.035 0)
(0.06 0.035 0)
(0.065 0.035 0)
(0.07 0.035 0)
(0.075 0.035 0)
(0.08 0.035 0)
(0.085 0.035 0)
(0.09 0.035 0)
(0.095 0.035 0)
(0.1 0.035 0)
(0 0.04 0)
(0.005 0.04 0)
(0.01 0.04 0)
(0.015 0.04 0)
(0.02 0.04 0)
(0.025 0.04 0)
(0.03 0.04 0)
(0.035 0.04 0)
(0.04 0.04 0)
(0.045 0.04 0)
(0.05 0.04 0)
(0.055 0.04 0)
(0.06 0.04 0)
(0.065 0.04 0)
(0.07 0.04 0)
(0.075 0.04 0)
(0.08 0.04 0)
(0.085 0.04 0)
(0.09 0.04 0)
(0.095 0.04 0)
(0.1 0.04 0)
(0 0.045 0)
(0.005 0.045 0)
(0.01 0.045 0)
(0.015 0.045 0)
(0.02 0.045 0)
(0.025 0.045 0)
(0.03 0.045 0)
(0.035 0.045 0)
(0.04 0.045 0)
(0.045 0.045 0)
(0.05 0.045 0)
(0.055 0.045 0)
(0.06 0.045 0)
(0.065 0.045 0)
(0.07 0.045 0)
(0.075 0.045 0)
(0.08 0.045 0)
(0.085 0.045 0)
(0.09 0.045 0)
(0.095 0.045 0)
(0.1 0.045 0)
(0 0.05 0)
(0.005 0.05 0)
(0.01 0.05 0)
(0.015 0.05 0)
(0.02 0.05 0)
(0.025 0.05 0)
(0.03 0.05 0)
(0.035 0.05 0)
(0.04 0.05 0)
(0.045 0.05 0)
(0.05 0.05 0)
(0.055 0.05 0)
(0.06 0.05 0)
(0.065 0.05 0)
(0.07 0.05 0)
(0.075 0.05 0)
(0.08 0.05 0)
(0.085 0.05 0)
(0.09 0.05 0)
(0.095 0.05 0)
(0.1 0.05 0)
(0 0.055 0)
(0.005 0.055 0)
(0.01 0.055 0)
(0.015 0.055 0)
(0.02 0.055 0)
(0.025 0.055 0)
(0.03 0.055 0)
(0.035 0.055 0)
(0.04 0.055 0)
(0.045 0.055 0)
(0.05 0.055 0)
(0.055 0.055 0)
(0.06 0.055 0)
(0.065 0.055 0)
(0.07 0.055 0)
(0.075 0.055 0)
(0.08 0.055 0)
(0.085 0.055 0)
(0.09 0.055 0)
(0.095 0.055 0)
(0.1 0.055 0)
(0 0.06 0)
(0.005 0.06 0)
(0.01 0.06 0)
(0.015 0.06 0)
(0.02 0.06 0)
(0.025 0.06 0)
(0.03 0.06 0)
(0.035 0.06 0)
(0.04 0.06 0)
(0.045 0.06 0)
(0.05 0.06 0)
(0.055 0.06 0)
(0.06 0.06 0)
(0.065 0.06 0)
(0.07 0.06 0)
(0.075 0.06 0)
(0.08 0.06 0)
(0.085 0.06 0)
(0.09 0.06 0)
(0.095 0.06 0)
(0.1 0.06 0)
(0 0.065 0)
(0.005 0.065 0)
(0.01 0.065 0)
(0.015 0.065 0)
(0.02 0.065 0)
(0.025 0.065 0)
(0.03 0.065 0)
(0.035 0.065 0)
(0.04 0.065 0)
(0.045 0.065 0)
(0.05 0.065 0)
(0.055 0.065 0)
(0.06 0.065 0)
(0.065 0.065 0)
(0.07 0.065 0)
(0.075 0.065 0)
(0.08 0.065 0)
(0.085 0.065 0)
(0.09 0.065 0)
(0.095 0.065 0)
(0.1 0.065 0)
(0 0.07 0)
(0.005 0.07 0)
(0.01 0.07 0)
(0.015 0.07 0)
(0.02 0.07 0)
(0.025 0.07 0)
(0.03 0.07 0)
(0.035 0.07 0)
(0.04 0.07 0)
(0.045 0.07 0)
(0.05 0.07 0)
(0.055 0.07 0)
(0.06 0.07 0)
(0.065 0.07 0)
(0.07 0.07 0)
(0.075 0.07 0)
(0.08 0.07 0)
(0.085 0.07 0)
(0.09 0.07 0)
(0.095 0.07 0)
(0.1 0.07 0)
(0 0.075 0)
(0.005 0.075 0)
(0.01 0.075 0)
(0.015 0.075 0)
(0.02 0.075 0)
(0.025 0.075 0)
(0.03 0.075 0)
(0.035 0.075 0)
(0.04 0.075 0)
(0.045 0.075 0)
(0.05 0.075 0)
(0.055 0.075 0)
(0.06 0.075 0)
(0.065 0.075 0)
(0.07 0.075 0)
(0.075 0.075 0)
(0.08 0.075 0)
(0.085 0.075 0)
(0.09 0.075 0)
(0.095 0.075 0)
(0.1 0.075 0)
(0 0.08 0)
(0.005 0.08 0)
(0.01 0.08 0)
(0.015 0.08 0)
(0.02 0.08 0)
(0.025 0.08 0)
(0.03 0.08 0)
(0.035 0.08 0)
(0.04 0.08 0)
(0.045 0.08 0)
(0.05 0.08 0)
(0.055 0.08 0)
(0.06 0.08 0)
(0.065 0.08 0)
(0.07 0.08 0)
(0.075 0.08 0)
(0.08 0.08 0)
(0.085 0.08 0)
(0.09 0.08 0)
(0.095 0.08 0)
(0.1 0.08 0)
(0 0.085 0)
(0.005 0.085 0)
(0.01 0.085 0)
(0.015 0.085 0)
(0.02 0.085 0)
(0.025 0.085 0)
(0.03 0.085 0)
(0.035 0.085 0)
(0.04 0.085 0)
(0.045 0.085 0)
(0.05 0.085 0)
(0.055 0.085 0)
(0.06 0.085 0)
(0.065 0.085 0)
(0.07 0.085 0)
(0.075 0.085 0)
(0.08 0.085 0)
(0.085 0.085 0)
(0.09 0.085 0)
(0.095 0.085 0)
(0.1 0.085 0)
(0 0.09 0)
(0.005 0.09 0)
(0.01 0.09 0)
(0.015 0.09 0)
(0.02 0.09 0)
(0.025 0.09 0)
(0.03 0.09 0)
(0.035 0.09 0)
(0.04 0.09 0)
(0.045 0.09 0)
(0.05 0.09 0)
(0.055 0.09 0)
(0.06 0.09 0)
(0.065 0.09 0)
(0.07 0.09 0)
(0.075 0.09 0)
(0.08 0.09 0)
(0.085 0.09 0)
(0.09 0.09 0)
(0.095 0.09 0)
(0.1 0.09 0)
(0 0.095 0)
(0.005 0.095 0)
(0.01 0.095 0)
(0.015 0.095 0)
(0.02 0.095 0)
(0.025 0.095 0)
(0.03 0.095 0)
(0.035 0.095 0)
(0.04 0.095 0)
(0.045 0.095 0)
(0.05 0.095 0)
(0.055 0.095 0)
(0.06 0.095 0)
(0.065 0.095 0)
(0.07 0.095 0)
(0.075 0.095 0)
(0.08 0.095 0)
(0.085 0.095 0)
(0.09 0.095 0)
(0.095 0.095 0)
(0.1 0.095 0)
(0 0.1 0)
(0.005 0.1 0)
(0.01 0.1 0)
(0.015 0.1 0)
(0.02 0.1 0)
(0.025 0.1 0)
(0.03 0.1 0)
(0.035 0.1 0)
(0.04 0.1 0)
(0.045 0.1 0)
(0.05 0.1 0)
(0.055 0.1 0)
(0.06 0.1 0)
(0.065 0.1 0)
(0.07 0.1 0)
(0.075 0.1 0)
(0.08 0.1 0)
(0.085 0.1 0)
(0.09 0.1 0)
(0.095 0.1 0)
(0.1 0.1 0)
(0 0.105 0)
(0.005 0.105 0)
(0.01 0.105 0)
(0.015 0.105 0)
(0.02 0.105 0)
(0.025 0.105 0)
(0.03 0.105 0)
(0.035 0.105 0)
(0.04 0.105 0)
(0.045 0.105 0)
(0.05 0.105 0)
(0.055 0.105 0)
(0.06 0.105 0)
(0.065 0.105 0)
(0.07 0.105 0)
(0.075 0.105 0)
(0.08 0.105 0)
(0.085 0.105 0)
(0.09 0.105 0)
(0.095 0.105 0)
(0.1 0.105 0)
(0 0.11 0)
(0.005 0.11 0)
(0.01 0.11 0)
(0.015 0.11 0)
(0.02 0.11 0)
(0.025 0.11 0)
(0.03 0.11 0)
(0.035 0.11 0)
(0.04 0.11 0)
(0.045 0.11 0)
(0.05 0.11 0)
(0.055 0.11 0)
(0.06 0.11 0)
(0.065 0.11 0)
(0.07 0.11 0)
(0.075 0.11 0)
(0.08 0.11 0)
(0.085 0.11 0)
(0.09 0.11 0)
(0.095 0.11 0)
(0.1 0.11 0)
(0 0.115 0)
(0.005 0.115 0)
(0.01 0.115 0)
(0.015 0.115 0)
(0.02 0.115 0)
(0.025 0.115 0)
(0.03 0.115 0)
(0.035 0.115 0)
(0.04 0.115 0)
(0.045 0.115 0)
(0.05 0.115 0)
(0.055 0.115 0)
(0.06 0.115 0)
(0.065 0.115 0)
(0.07 0.115 0)
(0.075 0.115 0)
(0.08 0.115 0)
(0.085 0.115 0)
(0.09 0.115 0)
(0.095 0.115 0)
(0.1 0.115 0)
(0 0.12 0)
(0.005 0.12 0)
(0.01 0.12 0)
(0.015 0.12 0)
(0.02 0.12 0)
(0.025 0.12 0)
(0.03 0.12 0)
(0.035 0.12 0)
(0.04 0.12 0)
(0.045 0.12 0)
(0.05 0.12 0)
(0.055 0.12 0)
(0.06 0.12 0)
(0.065 0.12 0)
(0.07 0.12 0)
(0.075 0.12 0)
(0.08 0.12 0)
(0.085 0.12 0)
(0.09 0.12 0)
(0.095 0.12 0)
(0.1 0.12 0)
(0 0.125 0)
(0.005 0.125 0)
(0.01 0.125 0)
(0.015 0.125 0)
(0.02 0.125 0)
(0.025 0.125 0)
(0.03 0.125 0)
(0.035 0.125 0)
(0.04 0.125 0)
(0.045 0.125 0)
(0.05 0.125 0)
(0.055 0.125 0)
(0.06 0.125 0)
(0.065 0.125 0)
(0.07 0.125 0)
(0.075 0.125 0)
(0.08 0.125 0)
(0.085 0.125 0)
(0.09 0.125 0)
(0.095 0.125 0)
(0.1 0.125 0)
(0 0.13 0)
(0.005 0.13 0)
(0.01 0.13 0)
(0.015 0.13 0)
(0.02 0.13 0)
(0.025 0.13 0)
(0.03 0.13 0)
(0.035 0.13 0)
(0.04 0.13 0)
(0.045 0.13 0)
(0.05 0.13 0)
(0.055 0.13 0)
(0.06 0.13 0)
(0.065 0.13 0)
(0.07 0.13 0)
(0.075 0.13 0)
(0.08 0.13 0)
(0.085 0.13 0)
(0.09 0.13 0)
(0.095 0.13 0)
(0.1 0.13 0)
(0 0.135 0)
(0.005 0.135 0)
(0.01 0.135 0)
(0.015 0.135 0)
(0.02 0.135 0)
(0.025 0.135 0)
(0.03 0.135 0)
(0.035 0.135 0)
(0.04 0.135 0)
(0.045 0.135 0)
(0.05 0.135 0)
(0.055 0.135 0)
(0.06 0.135 0)
(0.065 0.135 0)
(0.07 0.135 0)
(0.075 0.135 0)
(0.08 0.135 0)
(0.085 0.135 0)
(0.09 0.135 0)
(0.095 0.135 0)
(0.1 0.135 0)
(0 0.14 0)
(0.005 0.14 0)
(0.01 0.14 0)
(0.015 0.14 0)
(0.02 0.14 0)
(0.025 0.14 0)
(0.03 0.14 0)
(0.035 0.14 0)
(0.04 0.14 0)
(0.045 0.14 0)
(0.05 0.14 0)
(0.055 0.14 0)
(0.06 0.14 0)
(0.065 0.14 0)
(0.07 0.14 0)
(0.075 0.14 0)
(0.08 0.14 0)
(0.085 0.14 0)
(0.09 0.14 0)
(0.095 0.14 0)
(0.1 0.14 0)
(0 0.145 0)
(0.005 0.145 0)
(0.01 0.145 0)
(0.015 0.145 0)
(0.02 0.145 0)
(0.025 0.145 0)
(0.03 0.145 0)
(0.035 0.145 0)
(0.04 0.145 0)
(0.045 0.145 0)
(0.05 0.145 0)
(0.055 0.145 0)
(0.06 0.145 0)
(0.065 0.145 0)
(0.07 0.145 0)
(0.075 0.145 0)
(0.08 0.145 0)
(0.085 0.145 0)
(0.09 0.145 0)
(0.095 0.145 0)
(0.1 0.145 0)
(0 0.15 0)
(0.005 0.15 0)
(0.01 0.15 0)
(0.015 0.15 0)
(0.02 0.15 0)
(0.025 0.15 0)
(0.03 0.15 0)
(0.035 0.15 0)
(0.04 0.15 0)
(0.045 0.15 0)
(0.05 0.15 0)
(0.055 0.15 0)
(0.06 0.15 0)
(0.065 0.15 0)
(0.07 0.15 0)
(0.075 0.15 0)
(0.08 0.15 0)
(0.085 0.15 0)
(0.09 0.15 0)
(0.095 0.15 0)
(0.1 0.15 0)
(0 0.155 0)
(0.005 0.155 0)
(0.01 0.155 0)
(0.015 0.155 0)
(0.02 0.155 0)
(0.025 0.155 0)
(0.03 0.155 0)
(0.035 0.155 0)
(0.04 0.155 0)
(0.045 0.155 0)
(0.05 0.155 0)
(0.055 0.155 0)
(0.06 0.155 0)
(0.065 0.155 0)
(0.07 0.155 0)
(0.075 0.155 0)
(0.08 0.155 0)
(0.085 0.155 0)
(0.09 0.155 0)
(0.095 0.155 0)
(0.1 0.155 0)
(0 0.16 0)
(0.005 0.16 0)
(0.01 0.16 0)
(0.015 0.16 0)
(0.02 0.16 0)
(0.025 0.16 0)
(0.03 0.16 0)
(0.035 0.16 0)
(0.04 0.16 0)
(0.045 0.16 0)
(0.05 0.16 0)
(0.055 0.16 0)
(0.06 0.16 0)
(0.065 0.16 0)
(0.07 0.16 0)
(0.075 0.16 0)
(0.08 0.16 0)
(0.085 0.16 0)
(0.09 0.16 0)
(0.095 0.16 0)
(0.1 0.16 0)
(0 0.165 0)
(0.005 0.165 0)
(0.01 0.165 0)
(0.015 0.165 0)
(0.02 0.165 0)
(0.025 0.165 0)
(0.03 0.165 0)
(0.035 0.165 0)
(0.04 0.165 0)
(0.045 0.165 0)
(0.05 0.165 0)
(0.055 0.165 0)
(0.06 0.165 0)
(0.065 0.165 0)
(0.07 0.165 0)
(0.075 0.165 0)
(0.08 0.165 0)
(0.085 0.165 0)
(0.09 0.165 0)
(0.095 0.165 0)
(0.1 0.165 0)
(0 0.17 0)
(0.005 0.17 0)
(0.01 0.17 0)
(0.015 0.17 0)
(0.02 0.17 0)
(0.025 0.17 0)
(0.03 0.17 0)
(0.035 0.17 0)
(0.04 0.17 0)
(0.045 0.17 0)
(0.05 0.17 0)
(0.055 0.17 0)
(0.06 0.17 0)
(0.065 0.17 0)
(0.07 0.17 0)
(0.075 0.17 0)
(0.08 0.17 0)
(0.085 0.17 0)
(0.09 0.17 0)
(0.095 0.17 0)
(0.1 0.17 0)
(0 0.175 0)
(0.005 0.175 0)
(0.01 0.175 0)
(0.015 0.175 0)
(0.02 0.175 0)
(0.025 0.175 0)
(0.03 0.175 0)
(0.035 0.175 0)
(0.04 0.175 0)
(0.045 0.175 0)
(0.05 0.175 0)
(0.055 0.175 0)
(0.06 0.175 0)
(0.065 0.175 0)
(0.07 0.175 0)
(0.075 0.175 0)
(0.08 0.175 0)
(0.085 0.175 0)
(0.09 0.175 0)
(0.095 0.175 0)
(0.1 0.175 0)
(0 0.18 0)
(0.005 0.18 0)
(0.01 0.18 0)
(0.015 0.18 0)
(0.02 0.18 0)
(0.025 0.18 0)
(0.03 0.18 0)
(0.035 0.18 0)
(0.04 0.18 0)
(0.045 0.18 0)
(0.05 0.18 0)
(0.055 0.18 0)
(0.06 0.18 0)
(0.065 0.18 0)
(0.07 0.18 0)
(0.075 0.18 0)
(0.08 0.18 0)
(0.085 0.18 0)
(0.09 0.18 0)
(0.095 0.18 0)
(0.1 0.18 0)
(0 0.185 0)
(0.005 0.185 0)
(0.01 0.185 0)
(0.015 0.185 0)
(0.02 0.185 0)
(0.025 0.185 0)
(0.03 0.185 0)
(0.035 0.185 0)
(0.04 0.185 0)
(0.045 0.185 0)
(0.05 0.185 0)
(0.055 0.185 0)
(0.06 0.185 0)
(0.065 0.185 0)
(0.07 0.185 0)
(0.075 0.185 0)
(0.08 0.185 0)
(0.085 0.185 0)
(0.09 0.185 0)
(0.095 0.185 0)
(0.1 0.185 0)
(0 0.19 0)
(0.005 0.19 0)
(0.01 0.19 0)
(0.015 0.19 0)
(0.02 0.19 0)
(0.025 0.19 0)
(0.03 0.19 0)
(0.035 0.19 0)
(0.04 0.19 0)
(0.045 0.19 0)
(0.05 0.19 0)
(0.055 0.19 0)
(0.06 0.19 0)
(0.065 0.19 0)
(0.07 0.19 0)
(0.075 0.19 0)
(0.08 0.19 0)
(0.085 0.19 0)
(0.09 0.19 0)
(0.095 0.19 0)
(0.1 0.19 0)
(0 0.195 0)
(0.005 0.195 0)
(0.01 0.195 0)
(0.015 0.195 0)
(0.02 0.195 0)
(0.025 0.195 0)
(0.03 0.195 0)
(0.035 0.195 0)
(0.04 0.195 0)
(0.045 0.195 0)
(0.05 0.195 0)
(0.055 0.195 0)
(0.06 0.195 0)
(0.065 0.195 0)
(0.07 0.195 0)
(0.075 0.195 0)
(0.08 0.195 0)
(0.085 0.195 0)
(0.09 0.195 0)
(0.095 0.195 0)
(0.1 0.195 0)
(0 0.2 0)
(0.005 0.2 0)
(0.01 0.2 0)
(0.015 0.2 0)
(0.02 0.2 0)
(0.025 0.2 0)
(0.03 0.2 0)
(0.035 0.2 0)
(0.04 0.2 0)
(0.045 0.2 0)
(0.05 0.2 0)
(0.055 0.2 0)
(0.06 0.2 0)
(0.065 0.2 0)
(0.07 0.2 0)
(0.075 0.2 0)
(0.08 0.2 0)
(0.085 0.2 0)
(0.09 0.2 0)
(0.095 0.2 0)
(0.1 0.2 0)
(0 0 0.01)
(0.005 0 0.01)
(0.01 0 0.01)
(0.015 0 0.01)
(0.02 0 0.01)
(0.025 0 0.01)
(0.03 0 0.01)
(0.035 0 0.01)
(0.04 0 0.01)
(0.045 0 0.01)
(0.05 0 0.01)
(0.055 0 0.01)
(0.06 0 0.01)
(0.065 0 0.01)
(0.07 0 0.01)
(0.075 0 0.01)
(0.08 0 0.01)
(0.085 0 0.01)
(0.09 0 0.01)
(0.095 0 0.01)
(0.1 0 0.01)
(0 0.005 0.01)
(0.005 0.005 0.01)
(0.01 0.005 0.01)
(0.015 0.005 0.01)
(0.02 0.005 0.01)
(0.025 0.005 0.01)
(0.03 0.005 0.01)
(0.035 0.005 0.01)
(0.04 0.005 0.01)
(0.045 0.005 0.01)
(0.05 0.005 0.01)
(0.055 0.005 0.01)
(0.06 0.005 0.01)
(0.065 0.005 0.01)
(0.07 0.005 0.01)
(0.075 0.005 0.01)
(0.08 0.005 0.01)
(0.085 0.005 0.01)
(0.09 0.005 0.01)
(0.095 0.005 0.01)
(0.1 0.005 0.01)
(0 0.01 0.01)
(0.005 0.01 0.01)
(0.01 0.01 0.01)
(0.015 0.01 0.01)
(0.02 0.01 0.01)
(0.025 0.01 0.01)
(0.03 0.01 0.01)
(0.035 0.01 0.01)
(0.04 0.01 0.01)
(0.045 0.01 0.01)
(0.05 0.01 0.01)
(0.055 0.01 0.01)
(0.06 0.01 0.01)
(0.065 0.01 0.01)
(0.07 0.01 0.01)
(0.075 0.01 0.01)
(0.08 0.01 0.01)
(0.085 0.01 0.01)
(0.09 0.01 0.01)
(0.095 0.01 0.01)
(0.1 0.01 0.01)
(0 0.015 0.01)
(0.005 0.015 0.01)
(0.01 0.015 0.01)
(0.015 0.015 0.01)
(0.02 0.015 0.01)
(0.025 0.015 0.01)
(0.03 0.015 0.01)
(0.035 0.015 0.01)
(0.04 0.015 0.01)
(0.045 0.015 0.01)
(0.05 0.015 0.01)
(0.055 0.015 0.01)
(0.06 0.015 0.01)
(0.065 0.015 0.01)
(0.07 0.015 0.01)
(0.075 0.015 0.01)
(0.08 0.015 0.01)
(0.085 0.015 0.01)
(0.09 0.015 0.01)
(0.095 0.015 0.01)
(0.1 0.015 0.01)
(0 0.02 0.01)
(0.005 0.02 0.01)
(0.01 0.02 0.01)
(0.015 0.02 0.01)
(0.02 0.02 0.01)
(0.025 0.02 0.01)
(0.03 0.02 0.01)
(0.035 0.02 0.01)
(0.04 0.02 0.01)
(0.045 0.02 0.01)
(0.05 0.02 0.01)
(0.055 0.02 0.01)
(0.06 0.02 0.01)
(0.065 0.02 0.01)
(0.07 0.02 0.01)
(0.075 0.02 0.01)
(0.08 0.02 0.01)
(0.085 0.02 0.01)
(0.09 0.02 0.01)
(0.095 0.02 0.01)
(0.1 0.02 0.01)
(0 0.025 0.01)
(0.005 0.025 0.01)
(0.01 0.025 0.01)
(0.015 0.025 0.01)
(0.02 0.025 0.01)
(0.025 0.025 0.01)
(0.03 0.025 0.01)
(0.035 0.025 0.01)
(0.04 0.025 0.01)
(0.045 0.025 0.01)
(0.05 0.025 0.01)
(0.055 0.025 0.01)
(0.06 0.025 0.01)
(0.065 0.025 0.01)
(0.07 0.025 0.01)
(0.075 0.025 0.01)
(0.08 0.025 0.01)
(0.085 0.025 0.01)
(0.09 0.025 0.01)
(0.095 0.025 0.01)
(0.1 0.025 0.01)
(0 0.03 0.01)
(0.005 0.03 0.01)
(0.01 0.03 0.01)
(0.015 0.03 0.01)
(0.02 0.03 0.01)
(0.025 0.03 0.01)
(0.03 0.03 0.01)
(0.035 0.03 0.01)
(0.04 0.03 0.01)
(0.045 0.03 0.01)
(0.05 0.03 0.01)
(0.055 0.03 0.01)
(0.06 0.03 0.01)
(0.065 0.03 0.01)
(0.07 0.03 0.01)
(0.075 0.03 0.01)
(0.08 0.03 0.01)
(0.085 0.03 0.01)
(0.09 0.03 0.01)
(0.095 0.03 0.01)
(0.1 0.03 0.01)
(0 0.035 0.01)
(0.005 0.035 0.01)
(0.01 0.035 0.01)
(0.015 0.035 0.01)
(0.02 0.035 0.01)
(0.025 0.035 0.01)
(0.03 0.035 0.01)
(0.035 0.035 0.01)
(0.04 0.035 0.01)
(0.045 0.035 0.01)
(0.05 0.035 0.01)
(0.055 0.035 0.01)
(0.06 0.035 0.01)
(0.065 0.035 0.01)
(0.07 0.035 0.01)
(0.075 0.035 0.01)
(0.08 0.035 0.01)
(0.085 0.035 0.01)
(0.09 0.035 0.01)
(0.095 0.035 0.01)
(0.1 0.035 0.01)
(0 0.04 0.01)
(0.005 0.04 0.01)
(0.01 0.04 0.01)
(0.015 0.04 0.01)
(0.02 0.04 0.01)
(0.025 0.04 0.01)
(0.03 0.04 0.01)
(0.035 0.04 0.01)
(0.04 0.04 0.01)
(0.045 0.04 0.01)
(0.05 0.04 0.01)
(0.055 0.04 0.01)
(0.06 0.04 0.01)
(0.065 0.04 0.01)
(0.07 0.04 0.01)
(0.075 0.04 0.01)
(0.08 0.04 0.01)
(0.085 0.04 0.01)
(0.09 0.04 0.01)
(0.095 0.04 0.01)
(0.1 0.04 0.01)
(0 0.045 0.01)
(0.005 0.045 0.01)
(0.01 0.045 0.01)
(0.015 0.045 0.01)
(0.02 0.045 0.01)
(0.025 0.045 0.01)
(0.03 0.045 0.01)
(0.035 0.045 0.01)
(0.04 0.045 0.01)
(0.045 0.045 0.01)
(0.05 0.045 0.01)
(0.055 0.045 0.01)
(0.06 0.045 0.01)
(0.065 0.045 0.01)
(0.07 0.045 0.01)
(0.075 0.045 0.01)
(0.08 0.045 0.01)
(0.085 0.045 0.01)
(0.09 0.045 0.01)
(0.095 0.045 0.01)
(0.1 0.045 0.01)
(0 0.05 0.01)
(0.005 0.05 0.01)
(0.01 0.05 0.01)
(0.015 0.05 0.01)
(0.02 0.05 0.01)
(0.025 0.05 0.01)
(0.03 0.05 0.01)
(0.035 0.05 0.01)
(0.04 0.05 0.01)
(0.045 0.05 0.01)
(0.05 0.05 0.01)
(0.055 0.05 0.01)
(0.06 0.05 0.01)
(0.065 0.05 0.01)
(0.07 0.05 0.01)
(0.075 0.05 0.01)
(0.08 0.05 0.01)
(0.085 0.05 0.01)
(0.09 0.05 0.01)
(0.095 0.05 0.01)
(0.1 0.05 0.01)
(0 0.055 0.01)
(0.005 0.055 0.01)
(0.01 0.055 0.01)
(0.015 0.055 0.01)
(0.02 0.055 0.01)
(0.025 0.055 0.01)
(0.03 0.055 0.01)
(0.035 0.055 0.01)
(0.04 0.055 0.01)
(0.045 0.055 0.01)
(0.05 0.055 0.01)
(0.055 0.055 0.01)
(0.06 0.055 0.01)
(0.065 0.055 0.01)
(0.07 0.055 0.01)
(0.075 0.055 0.01)
(0.08 0.055 0.01)
(0.085 0.055 0.01)
(0.09 0.055 0.01)
(0.095 0.055 0.01)
(0.1 0.055 0.01)
(0 0.06 0.01)
(0.005 0.06 0.01)
(0.01 0.06 0.01)
(0.015 0.06 0.01)
(0.02 0.06 0.01)
(0.025 0.06 0.01)
(0.03 0.06 0.01)
(0.035 0.06 0.01)
(0.04 0.06 0.01)
(0.045 0.06 0.01)
(0.05 0.06 0.01)
(0.055 0.06 0.01)
(0.06 0.06 0.01)
(0.065 0.06 0.01)
(0.07 0.06 0.01)
(0.075 0.06 0.01)
(0.08 0.06 0.01)
(0.085 0.06 0.01)
(0.09 0.06 0.01)
(0.095 0.06 0.01)
(0.1 0.06 0.01)
(0 0.065 0.01)
(0.005 0.065 0.01)
(0.01 0.065 0.01)
(0.015 0.065 0.01)
(0.02 0.065 0.01)
(0.025 0.065 0.01)
(0.03 0.065 0.01)
(0.035 0.065 0.01)
(0.04 0.065 0.01)
(0.045 0.065 0.01)
(0.05 0.065 0.01)
(0.055 0.065 0.01)
(0.06 0.065 0.01)
(0.065 0.065 0.01)
(0.07 0.065 0.01)
(0.075 0.065 0.01)
(0.08 0.065 0.01)
(0.085 0.065 0.01)
(0.09 0.065 0.01)
(0.095 0.065 0.01)
(0.1 0.065 0.01)
(0 0.07 0.01)
(0.005 0.07 0.01)
(0.01 0.07 0.01)
(0.015 0.07 0.01)
(0.02 0.07 0.01)
(0.025 0.07 0.01)
(0.03 0.07 0.01)
(0.035 0.07 0.01)
(0.04 0.07 0.01)
(0.045 0.07 0.01)
(0.05 0.07 0.01)
(0.055 0.07 0.01)
(0.06 0.07 0.01)
(0.065 0.07 0.01)
(0.07 0.07 0.01)
(0.075 0.07 0.01)
(0.08 0.07 0.01)
(0.085 0.07 0.01)
(0.09 0.07 0.01)
(0.095 0.07 0.01)
(0.1 0.07 0.01)
(0 0.075 0.01)
(0.005 0.075 0.01)
(0.01 0.075 0.01)
(0.015 0.075 0.01)
(0.02 0.075 0.01)
(0.025 0.075 0.01)
(0.03 0.075 0.01)
(0.035 0.075 0.01)
(0.04 0.075 0.01)
(0.045 0.075 0.01)
(0.05 0.075 0.01)
(0.055 0.075 0.01)
(0.06 0.075 0.01)
(0.065 0.075 0.01)
(0.07 0.075 0.01)
(0.075 0.075 0.01)
(0.08 0.075 0.01)
(0.085 0.075 0.01)
(0.09 0.075 0.01)
(0.095 0.075 0.01)
(0.1 0.075 0.01)
(0 0.08 0.01)
(0.005 0.08 0.01)
(0.01 0.08 0.01)
(0.015 0.08 0.01)
(0.02 0.08 0.01)
(0.025 0.08 0.01)
(0.03 0.08 0.01)
(0.035 0.08 0.01)
(0.04 0.08 0.01)
(0.045 0.08 0.01)
(0.05 0.08 0.01)
(0.055 0.08 0.01)
(0.06 0.08 0.01)
(0.065 0.08 0.01)
(0.07 0.08 0.01)
(0.075 0.08 0.01)
(0.08 0.08 0.01)
(0.085 0.08 0.01)
(0.09 0.08 0.01)
(0.095 0.08 0.01)
(0.1 0.08 0.01)
(0 0.085 0.01)
(0.005 0.085 0.01)
(0.01 0.085 0.01)
(0.015 0.085 0.01)
(0.02 0.085 0.01)
(0.025 0.085 0.01)
(0.03 0.085 0.01)
(0.035 0.085 0.01)
(0.04 0.085 0.01)
(0.045 0.085 0.01)
(0.05 0.085 0.01)
(0.055 0.085 0.01)
(0.06 0.085 0.01)
(0.065 0.085 0.01)
(0.07 0.085 0.01)
(0.075 0.085 0.01)
(0.08 0.085 0.01)
(0.085 0.085 0.01)
(0.09 0.085 0.01)
(0.095 0.085 0.01)
(0.1 0.085 0.01)
(0 0.09 0.01)
(0.005 0.09 0.01)
(0.01 0.09 0.01)
(0.015 0.09 0.01)
(0.02 0.09 0.01)
(0.025 0.09 0.01)
(0.03 0.09 0.01)
(0.035 0.09 0.01)
(0.04 0.09 0.01)
(0.045 0.09 0.01)
(0.05 0.09 0.01)
(0.055 0.09 0.01)
(0.06 0.09 0.01)
(0.065 0.09 0.01)
(0.07 0.09 0.01)
(0.075 0.09 0.01)
(0.08 0.09 0.01)
(0.085 0.09 0.01)
(0.09 0.09 0.01)
(0.095 0.09 0.01)
(0.1 0.09 0.01)
(0 0.095 0.01)
(0.005 0.095 0.01)
(0.01 0.095 0.01)
(0.015 0.095 0.01)
(0.02 0.095 0.01)
(0.025 0.095 0.01)
(0.03 0.095 0.01)
(0.035 0.095 0.01)
(0.04 0.095 0.01)
(0.045 0.095 0.01)
(0.05 0.095 0.01)
(0.055 0.095 0.01)
(0.06 0.095 0.01)
(0.065 0.095 0.01)
(0.07 0.095 0.01)
(0.075 0.095 0.01)
(0.08 0.095 0.01)
(0.085 0.095 0.01)
(0.09 0.095 0.01)
(0.095 0.095 0.01)
(0.1 0.095 0.01)
(0 0.1 0.01)
(0.005 0.1 0.01)
(0.01 0.1 0.01)
(0.015 0.1 0.01)
(0.02 0.1 0.01)
(0.025 0.1 0.01)
(0.03 0.1 0.01)
(0.035 0.1 0.01)
(0.04 0.1 0.01)
(0.045 0.1 0.01)
(0.05 0.1 0.01)
(0.055 0.1 0.01)
(0.06 0.1 0.01)
(0.065 0.1 0.01)
(0.07 0.1 0.01)
(0.075 0.1 0.01)
(0.08 0.1 0.01)
(0.085 0.1 0.01)
(0.09 0.1 0.01)
(0.095 0.1 0.01)
(0.1 0.1 0.01)
(0 0.105 0.01)
(0.005 0.105 0.01)
(0.01 0.105 0.01)
(0.015 0.105 0.01)
(0.02 0.105 0.01)
(0.025 0.105 0.01)
(0.03 0.105 0.01)
(0.035 0.105 0.01)
(0.04 0.105 0.01)
(0.045 0.105 0.01)
(0.05 0.105 0.01)
(0.055 0.105 0.01)
(0.06 0.105 0.01)
(0.065 0.105 0.01)
(0.07 0.105 0.01)
(0.075 0.105 0.01)
(0.08 0.105 0.01)
(0.085 0.105 0.01)
(0.09 0.105 0.01)
(0.095 0.105 0.01)
(0.1 0.105 0.01)
(0 0.11 0.01)
(0.005 0.11 0.01)
(0.01 0.11 0.01)
(0.015 0.11 0.01)
(0.02 0.11 0.01)
(0.025 0.11 0.01)
(0.03 0.11 0.01)
(0.035 0.11 0.01)
(0.04 0.11 0.01)
(0.045 0.11 0.01)
(0.05 0.11 0.01)
(0.055 0.11 0.01)
(0.06 0.11 0.01)
(0.065 0.11 0.01)
(0.07 0.11 0.01)
(0.075 0.11 0.01)
(0.08 0.11 0.01)
(0.085 0.11 0.01)
(0.09 0.11 0.01)
(0.095 0.11 0.01)
(0.1 0.11 0.01)
(0 0.115 0.01)
(0.005 0.115 0.01)
(0.01 0.115 0.01)
(0.015 0.115 0.01)
(0.02 0.115 0.01)
(0.025 0.115 0.01)
(0.03 0.115 0.01)
(0.035 0.115 0.01)
(0.04 0.115 0.01)
(0.045 0.115 0.01)
(0.05 0.115 0.01)
(0.055 0.115 0.01)
(0.06 0.115 0.01)
(0.065 0.115 0.01)
(0.07 0.115 0.01)
(0.075 0.115 0.01)
(0.08 0.115 0.01)
(0.085 0.115 0.01)
(0.09 0.115 0.01)
(0.095 0.115 0.01)
(0.1 0.115 0.01)
(0 0.12 0.01)
(0.005 0.12 0.01)
(0.01 0.12 0.01)
(0.015 0.12 0.01)
(0.02 0.12 0.01)
(0.025 0.12 0.01)
(0.03 0.12 0.01)
(0.035 0.12 0.01)
(0.04 0.12 0.01)
(0.045 0.12 0.01)
(0.05 0.12 0.01)
(0.055 0.12 0.01)
(0.06 0.12 0.01)
(0.065 0.12 0.01)
(0.07 0.12 0.01)
(0.075 0.12 0.01)
(0.08 0.12 0.01)
(0.085 0.12 0.01)
(0.09 0.12 0.01)
(0.095 0.12 0.01)
(0.1 0.12 0.01)
(0 0.125 0.01)
(0.005 0.125 0.01)
(0.01 0.125 0.01)
(0.015 0.125 0.01)
(0.02 0.125 0.01)
(0.025 0.125 0.01)
(0.03 0.125 0.01)
(0.035 0.125 0.01)
(0.04 0.125 0.01)
(0.045 0.125 0.01)
(0.05 0.125 0.01)
(0.055 0.125 0.01)
(0.06 0.125 0.01)
(0.065 0.125 0.01)
(0.07 0.125 0.01)
(0.075 0.125 0.01)
(0.08 0.125 0.01)
(0.085 0.125 0.01)
(0.09 0.125 0.01)
(0.095 0.125 0.01)
(0.1 0.125 0.01)
(0 0.13 0.01)
(0.005 0.13 0.01)
(0.01 0.13 0.01)
(0.015 0.13 0.01)
(0.02 0.13 0.01)
(0.025 0.13 0.01)
(0.03 0.13 0.01)
(0.035 0.13 0.01)
(0.04 0.13 0.01)
(0.045 0.13 0.01)
(0.05 0.13 0.01)
(0.055 0.13 0.01)
(0.06 0.13 0.01)
(0.065 0.13 0.01)
(0.07 0.13 0.01)
(0.075 0.13 0.01)
(0.08 0.13 0.01)
(0.085 0.13 0.01)
(0.09 0.13 0.01)
(0.095 0.13 0.01)
(0.1 0.13 0.01)
(0 0.135 0.01)
(0.005 0.135 0.01)
(0.01 0.135 0.01)
(0.015 0.135 0.01)
(0.02 0.135 0.01)
(0.025 0.135 0.01)
(0.03 0.135 0.01)
(0.035 0.135 0.01)
(0.04 0.135 0.01)
(0.045 0.135 0.01)
(0.05 0.135 0.01)
(0.055 0.135 0.01)
(0.06 0.135 0.01)
(0.065 0.135 0.01)
(0.07 0.135 0.01)
(0.075 0.135 0.01)
(0.08 0.135 0.01)
(0.085 0.135 0.01)
(0.09 0.135 0.01)
(0.095 0.135 0.01)
(0.1 0.135 0.01)
(0 0.14 0.01)
(0.005 0.14 0.01)
(0.01 0.14 0.01)
(0.015 0.14 0.01)
(0.02 0.14 0.01)
(0.025 0.14 0.01)
(0.03 0.14 0.01)
(0.035 0.14 0.01)
(0.04 0.14 0.01)
(0.045 0.14 0.01)
(0.05 0.14 0.01)
(0.055 0.14 0.01)
(0.06 0.14 0.01)
(0.065 0.14 0.01)
(0.07 0.14 0.01)
(0.075 0.14 0.01)
(0.08 0.14 0.01)
(0.085 0.14 0.01)
(0.09 0.14 0.01)
(0.095 0.14 0.01)
(0.1 0.14 0.01)
(0 0.145 0.01)
(0.005 0.145 0.01)
(0.01 0.145 0.01)
(0.015 0.145 0.01)
(0.02 0.145 0.01)
(0.025 0.145 0.01)
(0.03 0.145 0.01)
(0.035 0.145 0.01)
(0.04 0.145 0.01)
(0.045 0.145 0.01)
(0.05 0.145 0.01)
(0.055 0.145 0.01)
(0.06 0.145 0.01)
(0.065 0.145 0.01)
(0.07 0.145 0.01)
(0.075 0.145 0.01)
(0.08 0.145 0.01)
(0.085 0.145 0.01)
(0.09 0.145 0.01)
(0.095 0.145 0.01)
(0.1 0.145 0.01)
(0 0.15 0.01)
(0.005 0.15 0.01)
(0.01 0.15 0.01)
(0.015 0.15 0.01)
(0.02 0.15 0.01)
(0.025 0.15 0.01)
(0.03 0.15 0.01)
(0.035 0.15 0.01)
(0.04 0.15 0.01)
(0.045 0.15 0.01)
(0.05 0.15 0.01)
(0.055 0.15 0.01)
(0.06 0.15 0.01)
(0.065 0.15 0.01)
(0.07 0.15 0.01)
(0.075 0.15 0.01)
(0.08 0.15 0.01)
(0.085 0.15 0.01)
(0.09 0.15 0.01)
(0.095 0.15 0.01)
(0.1 0.15 0.01)
(0 0.155 0.01)
(0.005 0.155 0.01)
(0.01 0.155 0.01)
(0.015 0.155 0.01)
(0.02 0.155 0.01)
(0.025 0.155 0.01)
(0.03 0.155 0.01)
(0.035 0.155 0.01)
(0.04 0.155 0.01)
(0.045 0.155 0.01)
(0.05 0.155 0.01)
(0.055 0.155 0.01)
(0.06 0.155 0.01)
(0.065 0.155 0.01)
(0.07 0.155 0.01)
(0.075 0.155 0.01)
(0.08 0.155 0.01)
(0.085 0.155 0.01)
(0.09 0.155 0.01)
(0.095 0.155 0.01)
(0.1 0.155 0.01)
(0 0.16 0.01)
(0.005 0.16 0.01)
(0.01 0.16 0.01)
(0.015 0.16 0.01)
(0.02 0.16 0.01)
(0.025 0.16 0.01)
(0.03 0.16 0.01)
(0.035 0.16 0.01)
(0.04 0.16 0.01)
(0.045 0.16 0.01)
(0.05 0.16 0.01)
(0.055 0.16 0.01)
(0.06 0.16 0.01)
(0.065 0.16 0.01)
(0.07 0.16 0.01)
(0.075 0.16 0.01)
(0.08 0.16 0.01)
(0.085 0.16 0.01)
(0.09 0.16 0.01)
(0.095 0.16 0.01)
(0.1 0.16 0.01)
(0 0.165 0.01)
(0.005 0.165 0.01)
(0.01 0.165 0.01)
(0.015 0.165 0.01)
(0.02 0.165 0.01)
(0.025 0.165 0.01)
(0.03 0.165 0.01)
(0.035 0.165 0.01)
(0.04 0.165 0.01)
(0.045 0.165 0.01)
(0.05 0.165 0.01)
(0.055 0.165 0.01)
(0.06 0.165 0.01)
(0.065 0.165 0.01)
(0.07 0.165 0.01)
(0.075 0.165 0.01)
(0.08 0.165 0.01)
(0.085 0.165 0.01)
(0.09 0.165 0.01)
(0.095 0.165 0.01)
(0.1 0.165 0.01)
(0 0.17 0.01)
(0.005 0.17 0.01)
(0.01 0.17 0.01)
(0.015 0.17 0.01)
(0.02 0.17 0.01)
(0.025 0.17 0.01)
(0.03 0.17 0.01)
(0.035 0.17 0.01)
(0.04 0.17 0.01)
(0.045 0.17 0.01)
(0.05 0.17 0.01)
(0.055 0.17 0.01)
(0.06 0.17 0.01)
(0.065 0.17 0.01)
(0.07 0.17 0.01)
(0.075 0.17 0.01)
(0.08 0.17 0.01)
(0.085 0.17 0.01)
(0.09 0.17 0.01)
(0.095 0.17 0.01)
(0.1 0.17 0.01)
(0 0.175 0.01)
(0.005 0.175 0.01)
(0.01 0.175 0.01)
(0.015 0.175 0.01)
(0.02 0.175 0.01)
(0.025 0.175 0.01)
(0.03 0.175 0.01)
(0.035 0.175 0.01)
(0.04 0.175 0.01)
(0.045 0.175 0.01)
(0.05 0.175 0.01)
(0.055 0.175 0.01)
(0.06 0.175 0.01)
(0.065 0.175 0.01)
(0.07 0.175 0.01)
(0.075 0.175 0.01)
(0.08 0.175 0.01)
(0.085 0.175 0.01)
(0.09 0.175 0.01)
(0.095 0.175 0.01)
(0.1 0.175 0.01)
(0 0.18 0.01)
(0.005 0.18 0.01)
(0.01 0.18 0.01)
(0.015 0.18 0.01)
(0.02 0.18 0.01)
(0.025 0.18 0.01)
(0.03 0.18 0.01)
(0.035 0.18 0.01)
(0.04 0.18 0.01)
(0.045 0.18 0.01)
(0.05 0.18 0.01)
(0.055 0.18 0.01)
(0.06 0.18 0.01)
(0.065 0.18 0.01)
(0.07 0.18 0.01)
(0.075 0.18 0.01)
(0.08 0.18 0.01)
(0.085 0.18 0.01)
(0.09 0.18 0.01)
(0.095 0.18 0.01)
(0.1 0.18 0.01)
(0 0.185 0.01)
(0.005 0.185 0.01)
(0.01 0.185 0.01)
(0.015 0.185 0.01)
(0.02 0.185 0.01)
(0.025 0.185 0.01)
(0.03 0.185 0.01)
(0.035 0.185 0.01)
(0.04 0.185 0.01)
(0.045 0.185 0.01)
(0.05 0.185 0.01)
(0.055 0.185 0.01)
(0.06 0.185 0.01)
(0.065 0.185 0.01)
(0.07 0.185 0.01)
(0.075 0.185 0.01)
(0.08 0.185 0.01)
(0.085 0.185 0.01)
(0.09 0.185 0.01)
(0.095 0.185 0.01)
(0.1 0.185 0.01)
(0 0.19 0.01)
(0.005 0.19 0.01)
(0.01 0.19 0.01)
(0.015 0.19 0.01)
(0.02 0.19 0.01)
(0.025 0.19 0.01)
(0.03 0.19 0.01)
(0.035 0.19 0.01)
(0.04 0.19 0.01)
(0.045 0.19 0.01)
(0.05 0.19 0.01)
(0.055 0.19 0.01)
(0.06 0.19 0.01)
(0.065 0.19 0.01)
(0.07 0.19 0.01)
(0.075 0.19 0.01)
(0.08 0.19 0.01)
(0.085 0.19 0.01)
(0.09 0.19 0.01)
(0.095 0.19 0.01)
(0.1 0.19 0.01)
(0 0.195 0.01)
(0.005 0.195 0.01)
(0.01 0.195 0.01)
(0.015 0.195 0.01)
(0.02 0.195 0.01)
(0.025 0.195 0.01)
(0.03 0.195 0.01)
(0.035 0.195 0.01)
(0.04 0.195 0.01)
(0.045 0.195 0.01)
(0.05 0.195 0.01)
(0.055 0.195 0.01)
(0.06 0.195 0.01)
(0.065 0.195 0.01)
(0.07 0.195 0.01)
(0.075 0.195 0.01)
(0.08 0.195 0.01)
(0.085 0.195 0.01)
(0.09 0.195 0.01)
(0.095 0.195 0.01)
(0.1 0.195 0.01)
(0 0.2 0.01)
(0.005 0.2 0.01)
(0.01 0.2 0.01)
(0.015 0.2 0.01)
(0.02 0.2 0.01)
(0.025 0.2 0.01)
(0.03 0.2 0.01)
(0.035 0.2 0.01)
(0.04 0.2 0.01)
(0.045 0.2 0.01)
(0.05 0.2 0.01)
(0.055 0.2 0.01)
(0.06 0.2 0.01)
(0.065 0.2 0.01)
(0.07 0.2 0.01)
(0.075 0.2 0.01)
(0.08 0.2 0.01)
(0.085 0.2 0.01)
(0.09 0.2 0.01)
(0.095 0.2 0.01)
(0.1 0.2 0.01)
)


// ************************************************************************* //
