1.760054843	1.594377837
1.957750935	1.601127035
2.055015255	1.603452419
2.157108355	1.605741938
2.264273437	1.608031458
2.494848005	1.612682226
2.6187962	1.61500761
2.885467738	1.619622513
3.028827447	1.621983762
3.179284153	1.624165687
3.502347702	1.624440951
3.675385473	1.620920375
3.857102797	1.61815296
4.047798018	1.61534968
4.247948571	1.612689859
4.457988746	1.609994173
4.678376713	1.607119164
4.96662073	1.602128634
4.972294179	1.592692474
5.024987428	1.582569945
5.060999726	1.572903202
5.103584073	1.563596137
5.152780031	1.554122733
5.196118743	1.544738957
5.239798766	1.535256553
5.283869371	1.525872777
5.328322438	1.516538315
5.373149487	1.507203853
5.41831768	1.497721449
5.463901858	1.488386987
5.509845138	1.478953897
5.556113232	1.469274237
5.59058993	1.460105332
5.848921485	1.411262472
5.871642153	1.474962896
5.873930367	1.483642174
5.876219473	1.492321452
5.878159139	1.467013935
5.878509471	1.501000729
5.880800361	1.509680007
5.883092144	1.518359284
5.90190965	1.454776699
5.905372493	1.530711752
5.916144126	1.545179092
5.918449683	1.55385837
5.920756138	1.562537647
5.923063492	1.571216925
5.925371745	1.579896203
5.927680898	1.58857548
5.943241112	1.597983899
5.946474901	1.610101072
5.963246066	1.62384913
5.965569979	1.632528408
5.967894797	1.641207685
5.970220521	1.649886963
5.972547152	1.658566241
5.974874689	1.667245518
5.977203134	1.675924796
6.030722621	1.688850264
6.063351298	1.700754865
6.085134129	1.709856721
6.260556376	1.688684402
6.346482405	1.677302803
6.462331468	1.666992975
6.585496282	1.656697056
6.697433898	1.646518192
6.83921308	1.639595514
6.964049209	1.631788094
7.122357462	1.645104442
7.293311308	1.656354675
7.429465708	1.665574818
7.594124838	1.674877147
7.736001504	1.684404134
7.923891086	1.694436423
8.139864265	1.704218212
8.333729818	1.714721734
8.741572475	1.717664508
9.202855227	1.717577472
9.60754991	1.716507135
10.10567226	1.714526791
10.60476754	1.710611702
11.12849404	1.706660749
11.67816048	1.702853255
12.25588803	1.700702714
12.75963551	1.710410099
12.7639083	1.723631659
12.86971582	1.733344174
12.8876285	1.742554164
13.03378001	1.753258151
13.08340176	1.762689162
13.14758874	1.773728464
13.28001401	1.781964881
13.34380662	1.790735736
13.40799142	1.799649055
13.40933661	1.809932389
13.72458649	1.772475987
13.78333774	1.762652583
14.47235566	1.743509599
14.90403267	1.734310069
15.42271418	1.725593409
15.95398708	1.717186824
16.34261459	1.709759991
17.32113845	1.67864955
17.36857734	1.692729999
17.72991087	1.722520704
17.98733828	1.736033939
18.18660502	1.749103766
18.32128849	1.762452176
18.97554862	1.710718075
19.28483862	1.737537793
19.69378529	1.766044727
20.02011341	1.805538239
20.55683789	1.832662794
20.72918297	1.846012565
21.07702039	1.800293854
21.08402507	1.818193272
21.36702026	1.759053371
22.77403704	1.74697901
23.93089905	1.748763203
26.27947048	1.742047287
27.57735144	1.738132199
28.84599428	1.735738966
29.75696311	1.732815613
32.80342822	1.737357345
33.47495416	1.730205392
34.66115729	1.714450244
39.37993405	1.724312743
41.29871791	1.700746543
43.10509927	1.693765597
45.22958879	1.687698621
52.24547355	1.666628512
54.81904583	1.659987701
57.27398956	1.651900157
61.20014156	1.663362049
64.25121705	1.669345641
67.45429242	1.675293368
70.88835396	1.681048833
74.25860623	1.68705429
75.14681185	1.717210597
75.5948759	1.727163227
76.21238881	1.749174028
77.69094302	1.77691474
