1	1.00E-006
2	1.00E-006
3	1.00E-006
4	1.00E-006
5	1.00E-006
6	1.00E-006
7	1.00E-006
8	1.00E-006
9	1.00E-006
10	1.00E-006
11	1.00E-006
12	1.00E-006
13	1.00E-006
14	1.00E-006
15	1.00E-006
16	1.00E-006
17	1.00E-006
18	1.00E-006
19	1.00E-006
20	1.00E-006
21	1.00E-006
22	1.00E-006
23	1.00E-006
24	1.00E-006
25	1.00E-006
26	1.00E-006
27	1.00E-006
28	1.00E-006
29	1.00E-006
30	1.00E-006
31	1.00E-006
32	1.00E-006
33	1.00E-006
34	1.00E-006
35	1.00E-006
36	1.00E-006
37	1.00E-006
38	1.00E-006
39	1.00E-006
40	1.00E-006
41	1.00E-006
42	1.00E-006
43	1.00E-006
44	1.00E-006
45	1.00E-006
46	1.00E-006
47	1.00E-006
48	1.00E-006
49	1.00E-006
50	1.00E-006
51	1.00E-006
52	1.00E-006
53	1.00E-006
54	1.00E-006
55	1.00E-006
56	1.00E-006
57	1.00E-006
58	1.00E-006
59	1.00E-006
60	1.00E-006
61	1.00E-006
62	1.00E-006
63	1.00E-006
64	1.00E-006
65	1.00E-006
66	1.00E-006
67	1.00E-006
68	1.00E-006
69	1.00E-006
70	1.00E-006
71	1.00E-006
72	1.00E-006
73	1.00E-006
74	1.00E-006
75	1.00E-006
76	1.00E-006
77	1.00E-006
78	1.00E-006
79	1.00E-006
80	1.00E-006
81	1.00E-006
82	1.00E-006
83	1.00E-006
84	1.00E-006
85	1.00E-006
86	1.00E-006
87	1.00E-006
88	1.00E-006
89	1.00E-006
90	1.00E-006
91	1.00E-006
92	1.00E-006
93	1.00E-006
94	1.00E-006
95	1.00E-006
96	1.00E-006
97	1.00E-006
98	1.00E-006
99	1.00E-006
100	1.00E-006
